1013

0 19.25674 2.3432622945 -0.835748389804 -0.225136302294 3.31889978562 
0 19.25674 -0.587109563596 3.76026776607 1.72112098786 3.31889978562 
0 1.811322 2.3432622945 -0.835748389804 -0.225136302294 0.137797696999 
0 1.811322 -0.587109563596 3.76026776607 1.72112098786 0.137797696999 
0 35.30727 2.3432622945 -0.835748389804 -0.225136302294 9.73497784659 
0 35.30727 -0.587109563596 3.76026776607 1.72112098786 9.73497784659 
0 51.3578 2.3432622945 -0.835748389804 -0.225136302294 7.38554952543 
0 51.3578 -0.587109563596 3.76026776607 1.72112098786 7.38554952543 
0 0.65168 3.71854639251 0.323708196837 -0.567726642651 0.012152493767 
0 0.65168 3.15098226631 -2.47844007397 -0.177998973635 0.012152493767 
0 0.65168 0.841421347655 3.72345212155 0.57610757805 0.012152493767 
0 0.65168 -1.9996344945 3.23051894951 0.683232373071 0.012152493767 
0 2.31758 3.71854639251 0.323708196837 -0.567726642651 0.0128523592678 
0 2.31758 3.15098226631 -2.47844007397 -0.177998973635 0.0128523592678 
0 2.31758 0.841421347655 3.72345212155 0.57610757805 0.0128523592678 
0 2.31758 -1.9996344945 3.23051894951 0.683232373071 0.0128523592678 
0 0.511222 2.3432622945 -0.835748389804 -0.225136302294 0.0111771652569 
0 0.511222 -0.587109563596 3.76026776607 1.72112098786 0.0111771652569 
0 1.161272 2.3432622945 -0.835748389804 -0.225136302294 0.0784864986482 
0 1.161272 -0.587109563596 3.76026776607 1.72112098786 0.0784864986482 
0 1.48463 3.71854639251 0.323708196837 -0.567726642651 0.0249950567827 
0 1.48463 3.15098226631 -2.47844007397 -0.177998973635 0.0249950567827 
0 1.48463 0.841421347655 3.72345212155 0.57610757805 0.0249950567827 
0 1.48463 -1.9996344945 3.23051894951 0.683232373071 0.0249950567827 
0 10.534031 2.3432622945 -0.835748389804 -0.225136302294 -0.488236405046 
0 10.534031 -0.587109563596 3.76026776607 1.72112098786 -0.488236405046 
0 0.205482 3.71854639251 0.323708196837 -0.567726642651 0.00121456463886 
0 0.205482 3.15098226631 -2.47844007397 -0.177998973635 0.00121456463886 
0 0.205482 0.841421347655 3.72345212155 0.57610757805 0.00121456463886 
0 0.205482 -1.9996344945 3.23051894951 0.683232373071 0.00121456463886 
0 0.428581 3.71854639251 0.323708196837 -0.567726642651 0.00768374627466 
0 0.428581 3.15098226631 -2.47844007397 -0.177998973635 0.00768374627466 
0 0.428581 0.841421347655 3.72345212155 0.57610757805 0.00768374627466 
0 0.428581 -1.9996344945 3.23051894951 0.683232373071 0.00768374627466 
0 0.581451 2.79590142594 -1.75629828716 -0.198720960037 0.0 
0 0.581451 -1.37867604725 3.46340121259 1.13949738373 0.0 
0 0.581451 0.213426529939 3.73963660435 1.07946559565 0.0 
0 0.581451 3.11395934463 -0.185999168991 -0.417120900311 0.0 
0 0.358352 2.57483894992 -1.30671488733 -0.211621835279 0.0 
0 0.358352 -0.992086301345 3.60838659013 1.42355403087 0.0 
0 0.358352 -0.177543845104 3.74971256857 1.39284090923 0.0 
0 0.358352 2.73756193149 -0.503327392661 -0.323358369308 0.0 
0 0.205482 3.43476432941 -1.07736593857 -0.372862808143 0.0 
0 0.205482 -0.579106573423 3.47698553553 0.62966997556 0.0 
0 13.36841 2.3432622945 -0.835748389804 -0.225136302294 1.08353081801 
0 13.36841 -0.587109563596 3.76026776607 1.72112098786 1.08353081801 
0 1.231501 2.55697505285 -1.27038438147 -0.212664345576 0.0 
0 1.231501 -0.960846266599 3.62010275249 1.44650844086 0.0 
0 1.231501 -0.209137875289 3.75052679987 1.41816453922 0.0 
0 1.231501 2.7071455317 -0.52897045443 -0.315781487723 0.0 
0 1.261531 3.71854639251 0.323708196837 -0.567726642651 0.00790190384465 
0 1.261531 3.15098226631 -2.47844007397 -0.177998973635 0.00790190384465 
0 1.261531 0.841421347655 3.72345212155 0.57610757805 0.00790190384465 
0 1.261531 -1.9996344945 3.23051894951 0.683232373071 0.00790190384465 
0 113.056 2.3432622945 -0.835748389804 -0.225136302294 14.9321725638 
0 113.056 -0.587109563596 3.76026776607 1.72112098786 14.9321725638 
0 1.008402 2.42555681358 -1.00311397052 -0.220333717329 0.0 
0 1.008402 -0.731024613274 3.70629432774 1.61537574521 0.0 
0 1.008402 -0.441563745209 3.75651680551 1.60446133949 0.0 
0 1.008402 2.48338306332 -0.717617198902 -0.260041106289 0.0 
0 0.428581 3.28704080808 -1.80669887338 -0.271425911465 0.0 
0 0.428581 3.58248785074 -0.348033003755 -0.47429970482 0.0 
0 0.428581 -1.31856622904 3.34868668683 0.657552026613 0.0 
0 0.428581 0.160353082195 3.60528438423 0.601787924508 0.0 
0 97.00547 2.3432622945 -0.835748389804 -0.225136302294 9.84113427239 
0 97.00547 -0.587109563596 3.76026776607 1.72112098786 9.84113427239 
0 1.414401 3.00501085529 -2.18157230869 -0.18651764671 0.0 
0 1.414401 -1.74436253831 3.32625532466 0.870799934685 0.0 
0 1.414401 0.583256785585 3.73010545657 0.783034766799 0.0 
0 1.414401 3.47000461152 0.114170832562 -0.505813607034 0.0 
0 26.584561 2.3432622945 -0.835748389804 -0.225136302294 -0.372014406471 
0 26.584561 -0.587109563596 3.76026776607 1.72112098786 -0.372014406471 
0 9.883981 2.3432622945 -0.835748389804 -0.225136302294 -0.142648205819 
0 9.883981 -0.587109563596 3.76026776607 1.72112098786 -0.142648205819 
0 4.645701 2.3432622945 -0.835748389804 -0.225136302294 -0.0414062651714 
0 4.645701 -0.587109563596 3.76026776607 1.72112098786 -0.0414062651714 
0 0.65168 3.43476432941 -1.07736593857 -0.372862808143 0.0 
0 0.65168 -0.579106573423 3.47698553553 0.62966997556 0.0 
0 0.205482 2.27998387008 2.02358015919 0.00419046769967 0.0 
0 29.41894 2.3432622945 -0.835748389804 -0.225136302294 1.64406548116 
0 29.41894 -0.587109563596 3.76026776607 1.72112098786 1.64406548116 
0 174.7542 2.3432622945 -0.835748389804 -0.225136302294 7.54750126269 
0 174.7542 -0.587109563596 3.76026776607 1.72112098786 7.54750126269 
0 51.74587 2.3432622945 -0.835748389804 -0.225136302294 2.48323474257 
0 51.74587 -0.587109563596 3.76026776607 1.72112098786 2.48323474257 
0 67.7964 2.3432622945 -0.835748389804 -0.225136302294 3.64190496373 
0 67.7964 -0.587109563596 3.76026776607 1.72112098786 3.64190496373 
0 2.064451 2.79664085671 -1.75780209643 -0.198677807964 0.0 
0 2.064451 -1.37996914936 3.46291625173 1.13854724407 0.0 
0 2.064451 0.214734284792 3.73960290131 1.07841738813 0.0 
0 2.064451 3.11521835446 -0.184937739402 -0.417434526132 0.0 
0 6.25358 3.71854639251 0.323708196837 -0.567726642651 0.0174356327931 
0 6.25358 3.15098226631 -2.47844007397 -0.177998973635 0.0174356327931 
0 6.25358 0.841421347655 3.72345212155 0.57610757805 0.0174356327931 
0 6.25358 -1.9996344945 3.23051894951 0.683232373071 0.0174356327931 
0 1.261531 3.19720555047 -2.25022886434 -0.209738986716 0.0 
0 1.261531 3.67232310835 0.0954969872111 -0.535986629569 0.0 
0 1.261531 -1.76825459319 3.27066417545 0.674507967119 0.0 
0 1.261531 0.610041446345 3.68330689561 0.584831984002 0.0 
0 3.995651 2.3432622945 -0.835748389804 -0.225136302294 -0.0124226828892 
0 3.995651 -0.587109563596 3.76026776607 1.72112098786 -0.0124226828892 
0 7.48008 2.3432622945 -0.835748389804 -0.225136302294 0.0914945901127 
0 7.48008 -0.587109563596 3.76026776607 1.72112098786 0.0914945901127 
0 0.428581 1.5311362539 2.90845311187 0.301903468047 0.0 
0 0.428581 3.02883148626 1.13870720652 -0.293522532648 0.0 
0 9.95421 2.36970210998 -0.889520076193 -0.223593314234 0.0 
0 9.95421 -0.633346997152 3.74292702739 1.68714685769 0.0 
0 9.95421 -0.540348192063 3.75906264687 1.6836402466 0.0 
0 9.95421 2.38828069079 -0.797794867205 -0.236350616288 0.0 
0 25.934511 2.3432622945 -0.835748389804 -0.225136302294 -0.111611539526 
0 25.934511 -0.587109563596 3.76026776607 1.72112098786 -0.111611539526 
0 0.358352 1.91267828571 0.471393246735 0.00458363092953 0.0 
0 9.731111 2.35179019616 -0.853091916799 -0.224638626716 0.0 
0 9.731111 -0.602022991664 3.75467468187 1.71016296732 0.0 
0 9.731111 -0.572027144502 3.75987906676 1.70903194451 0.0 
0 9.731111 2.35778253413 -0.823506855495 -0.228753368645 0.0 
0 5.42063 3.71854639251 0.323708196837 -0.567726642651 0.0169542658522 
0 5.42063 3.15098226631 -2.47844007397 -0.177998973635 0.0169542658522 
0 5.42063 0.841421347655 3.72345212155 0.57610757805 0.0169542658522 
0 5.42063 -1.9996344945 3.23051894951 0.683232373071 0.0169542658522 
0 1.48463 3.27554872049 -1.86343701424 -0.263534671871 0.0 
0 1.48463 3.59397993832 -0.291294862888 -0.482190944415 0.0 
0 1.48463 -1.37609217378 3.33870573327 0.65972109874 0.0 
0 1.48463 0.217879026937 3.61526533779 0.599618852381 0.0 
0 129.4946 2.3432622945 -0.835748389804 -0.225136302294 3.68161862514 
0 129.4946 -0.587109563596 3.76026776607 1.72112098786 3.68161862514 
0 0.205482 0.859455949004 1.77711357317 0.0577528652102 0.0 
0 324.9749 2.3432622945 -0.835748389804 -0.225136302294 11.0803467567 
0 324.9749 -0.587109563596 3.76026776607 1.72112098786 11.0803467567 
0 0.205482 1.99620180698 0.622506023791 0.199054302208 0.0 
0 88.282761 2.3432622945 -0.835748389804 -0.225136302294 -0.376071089532 
0 88.282761 -0.587109563596 3.76026776607 1.72112098786 -0.376071089532 
0 10.18958 3.71854639251 0.323708196837 -0.567726642651 0.00591333630975 
0 10.18958 3.15098226631 -2.47844007397 -0.177998973635 0.00591333630975 
0 10.18958 0.841421347655 3.72345212155 0.57610757805 0.00591333630975 
0 10.18958 -1.9996344945 3.23051894951 0.683232373071 0.00591333630975 
0 4.06588 2.4079930479 -0.967393853607 -0.221358712406 0.0 
0 4.06588 -0.700309442462 3.71781364682 1.63794449808 0.0 
0 4.06588 -0.472626963981 3.75731735691 1.62935950708 0.0 
0 4.06588 2.45347768957 -0.742829431499 -0.252591523919 0.0 
0 386.6731 2.3432622945 -0.835748389804 -0.225136302294 11.2011739457 
0 386.6731 -0.587109563596 3.76026776607 1.72112098786 11.2011739457 
0 308.92437 2.3432622945 -0.835748389804 -0.225136302294 7.3025663045 
0 308.92437 -0.587109563596 3.76026776607 1.72112098786 7.3025663045 
0 1.008402 2.19024728589 -0.371234416471 -0.143501599556 0.0 
0 91.11714 2.3432622945 -0.835748389804 -0.225136302294 1.66199342286 
0 91.11714 -0.587109563596 3.76026776607 1.72112098786 1.66199342286 
0 3.842781 2.36485758126 -0.879667568733 -0.22387603368 0.0 
0 3.842781 -0.62487497982 3.74610434558 1.69337188788 0.0 
0 3.842781 -0.548916209784 3.7592834591 1.69050778801 0.0 
0 3.842781 2.38003203587 -0.804749035647 -0.234295833935 0.0 
0 1.261531 1.0757387796 3.44657181455 0.482951982453 0.0 
0 1.261531 3.48422896057 0.600588503836 -0.474571047054 0.0 
0 0.358352 0.647339800678 2.77499192918 1.06489890899 0.0 
0 26.00474 2.35338304463 -0.856331355001 -0.224545670464 0.0 
0 26.00474 -0.604808533994 3.75363000102 1.70811621926 0.0 
0 26.00474 -0.569210037889 3.75980646518 1.70677394307 0.0 
0 26.00474 2.3604946364 -0.821220371674 -0.229428967266 0.0 
0 0.358352 1.09813582947 0.330067268288 0.0352967525676 0.0 
0 43.023161 2.3432622945 -0.835748389804 -0.225136302294 -0.182651734296 
0 43.023161 -0.587109563596 3.76026776607 1.72112098786 -0.182651734296 
0 25.781641 2.34648109495 -0.842294590115 -0.224948457917 0.0 
0 25.781641 -0.592738539033 3.75815669319 1.716984955 0.0 
0 25.781641 -0.581416803606 3.76012105407 1.71655805787 0.0 
0 25.781641 2.34874286355 -0.831127903111 -0.226501540222 0.0 
0 5.197531 3.71854639251 0.323708196837 -0.567726642651 0.00535989894662 
0 5.197531 3.15098226631 -2.47844007397 -0.177998973635 0.00535989894662 
0 5.197531 0.841421347655 3.72345212155 0.57610757805 0.00535989894662 
0 5.197531 -1.9996344945 3.23051894951 0.683232373071 0.00535989894662 
0 84.235 2.3432622945 -0.835748389804 -0.225136302294 0.464495403974 
0 84.235 -0.587109563596 3.76026776607 1.72112098786 0.464495403974 
0 5.350401 3.11239411007 -2.39996183204 -0.180250920679 0.0 
0 5.350401 -1.93215227959 3.2558272628 0.732816646607 0.0 
0 5.350401 0.773174460224 3.72521095864 0.630809650417 0.0 
0 5.350401 3.65284332771 0.268316113596 -0.551359671373 0.0 
0 45.85754 2.3432622945 -0.835748389804 -0.225136302294 0.405354416481 
0 45.85754 -0.587109563596 3.76026776607 1.72112098786 0.405354416481 
0 0.205482 0.575673885902 0.376039437772 0.252616699718 0.0 
0 0.581451 1.50164390513 1.7191872705 0.223873684741 0.0 
0 0.65168 2.27998387008 2.02358015919 0.00419046769967 0.0 
0 87.632711 2.3432622945 -0.835748389804 -0.225136302294 -0.112828623149 
0 87.632711 -0.587109563596 3.76026776607 1.72112098786 -0.112828623149 
0 598.592 2.3432622945 -0.835748389804 -0.225136302294 4.15588859794 
0 598.592 -0.587109563596 3.76026776607 1.72112098786 4.15588859794 
0 0.428581 -0.628851322796 2.53368767715 0.383347916611 0.0 
0 0.428581 2.3477632208 1.0205394692 -0.26784218619 0.0 
0 10.78716 2.43003006527 -1.01221139737 -0.220072665055 0.0 
0 10.78716 -0.738847348581 3.70336051419 1.60962779151 0.0 
0 10.78716 -0.433652366831 3.75631291598 1.5981201156 0.0 
0 10.78716 2.49099955435 -0.711195986944 -0.261938413368 0.0 
0 0.428581 1.39507771213 2.23671191127 0.395330405878 0.0 
0 0.428581 2.59732590183 -0.991699863694 0.00277819853711 0.0 
0 341.4135 2.3432622945 -0.835748389804 -0.225136302294 2.73192737482 
0 341.4135 -0.587109563596 3.76026776607 1.72112098786 2.73192737482 
0 5.197531 3.16220145978 -2.42304925177 -0.185702825799 0.0 
0 5.197531 3.70732719903 0.268317374639 -0.560022790486 0.0 
0 5.197531 -1.94347457582 3.24026289275 0.681114808295 0.0 
0 5.197531 0.785261428978 3.71370817831 0.578225142825 0.0 
0 42.373111 2.3432622945 -0.835748389804 -0.225136302294 -0.0533654228111 
0 42.373111 -0.587109563596 3.76026776607 1.72112098786 -0.0533654228111 
0 1.008402 -0.148427967778 3.41013402308 1.48792183275 0.0 
0 1.008402 1.90078641782 -0.421456894241 -0.132587193827 0.0 
0 4.89883 2.53432379819 -1.22431763934 -0.213986238896 0.0 
0 4.89883 -0.92123419431 3.63495873695 1.47561441834 0.0 
0 4.89883 -0.249198810488 3.75155923756 1.45027466554 0.0 
0 4.89883 2.66857782085 -0.561485617257 -0.306174072639 0.0 
0 6.000451 3.02907135038 -2.23050507819 -0.185113512227 0.0 
0 6.000451 -1.78643906278 3.31047507997 0.839883138281 0.0 
0 6.000451 0.625810098831 3.72900878611 0.748926919419 0.0 
0 6.000451 3.51097179995 0.148708915664 -0.516018744321 0.0 
0 9.731111 2.32740586858 -0.787612383572 -0.216676775164 0.0 
0 0.511222 0.878076365454 1.46225968813 0.747992342782 0.0 
0 35.02379 3.71854639251 0.323708196837 -0.567726642651 0.00966574934472 
0 35.02379 3.15098226631 -2.47844007397 -0.177998973635 0.00966574934472 
0 35.02379 0.841421347655 3.72345212155 0.57610757805 0.00966574934472 
0 35.02379 -1.9996344945 3.23051894951 0.683232373071 0.00966574934472 
0 300.201661 2.3432622945 -0.835748389804 -0.225136302294 -0.279061741309 
0 300.201661 -0.587109563596 3.76026776607 1.72112098786 -0.279061741309 
0 0.358352 0.484616819111 1.9716044345 1.17663544302 0.0 
0 87.70294 2.34626319135 -0.841851431029 -0.224961174445 0.0 
0 87.70294 -0.592357473455 3.7582996068 1.71726495263 0.0 
0 87.70294 -0.581802187217 3.76013098605 1.71686695522 0.0 
0 87.70294 2.34837184466 -0.831440696878 -0.226409117509 0.0 
0 87.479841 2.344210924 -0.8376776547 -0.225080941696 0.0 
0 87.479841 -0.588768508357 3.75964560075 1.71990203601 0.0 
0 87.479841 -0.585431820556 3.76022452781 1.71977622292 0.0 
0 87.479841 2.34487750164 -0.83438666203 -0.225538658697 0.0 
0 303.03604 2.3432622945 -0.835748389804 -0.225136302294 1.23327421739 
0 303.03604 -0.587109563596 3.76026776607 1.72112098786 1.23327421739 
0 1322.9089 2.3432622945 -0.835748389804 -0.225136302294 6.76957655414 
0 1322.9089 -0.587109563596 3.76026776607 1.72112098786 6.76957655414 
0 5.42063 3.1850991669 -2.30999987559 -0.20142593022 0.0 
0 5.42063 3.68442949191 0.155267998454 -0.544299686066 0.0 
0 5.42063 -1.82885551944 3.2601497018 0.676792984437 0.0 
0 5.42063 0.67064237259 3.69382136926 0.582546966684 0.0 
0 26.83769 2.37813779333 -0.906676055214 -0.223101020379 0.0 
0 26.83769 -0.648099155646 3.73739442521 1.67630733408 0.0 
0 26.83769 -0.525428869965 3.75867815084 1.67168193073 0.0 
0 26.83769 2.40264391267 -0.785685709371 -0.239928568711 0.0 
0 2.31758 3.43476432941 -1.07736593857 -0.372862808143 0.0 
0 2.31758 -0.579106573423 3.47698553553 0.62966997556 0.0 
0 42.44334 2.3494632079 -0.848359429801 -0.224774426269 0.0 
0 42.44334 -0.597953599986 3.75620085347 1.71315305635 0.0 
0 42.44334 -0.576142648359 3.75998513022 1.71233065304 0.0 
0 42.44334 2.35382043085 -0.826847173872 -0.227766388345 0.0 
0 1384.6071 2.3432622945 -0.835748389804 -0.225136302294 6.84339634731 
0 1384.6071 -0.587109563596 3.76026776607 1.72112098786 6.84339634731 
0 3.842781 2.30310891581 -0.713853121836 -0.203714161008 0.0 
0 38.95979 3.71854639251 0.323708196837 -0.567726642651 0.00655632373534 
0 38.95979 3.15098226631 -2.47844007397 -0.177998973635 0.00655632373534 
0 38.95979 0.841421347655 3.72345212155 0.57610757805 0.00655632373534 
0 38.95979 -1.9996344945 3.23051894951 0.683232373071 0.00655632373534 
0 1.261531 -1.53393716125 2.99378386846 0.581352371522 0.0 
0 1.261531 3.25284905926 0.560443277894 -0.465846641101 0.0 
0 42.220241 2.34522784363 -0.839745803895 -0.225021595789 0.0 
0 42.220241 -0.590546877559 3.75897864687 1.71859533401 0.0 
0 42.220241 -0.583633299821 3.76017817691 1.71833465078 0.0 
0 42.220241 2.34660898463 -0.832926905929 -0.225969980011 0.0 
0 0.428581 -0.764909864566 1.86194647656 0.476774854441 0.0 
0 0.428581 1.91625763637 -1.10986760101 0.028458544995 0.0 
0 1306.85837 2.3432622945 -0.835748389804 -0.225136302294 4.46152839125 
0 1306.85837 -0.587109563596 3.76026776607 1.72112098786 4.46152839125 
0 1.261531 1.02951549543 3.21836060492 0.514691995534 0.0 
0 1.261531 2.96288811853 -1.97334855734 -0.116583391119 0.0 
0 25.781641 2.33727739072 -0.817579770524 -0.221943309361 0.0 
0 34.19084 3.71854639251 0.323708196837 -0.567726642651 0.00939889512444 
0 34.19084 3.15098226631 -2.47844007397 -0.177998973635 0.00939889512444 
0 34.19084 0.841421347655 3.72345212155 0.57610757805 0.00939889512444 
0 34.19084 -1.9996344945 3.23051894951 0.683232373071 0.00939889512444 
0 0.581451 1.82574196944 1.83445016486 0.438471010603 0.0 
0 5.197531 0.898294256009 3.65624846455 0.553497097868 0.0 
0 5.197531 3.66167348415 0.390911853837 -0.545116162469 0.0 
0 0.581451 -0.0904586720592 1.44295187874 0.283905472819 0.0 
0 1596.526 2.3432622945 -0.835748389804 -0.225136302294 5.07810931047 
0 1596.526 -0.587109563596 3.76026776607 1.72112098786 5.07810931047 
0 1.414401 1.11283452275 2.89951195048 0.431306528349 0.0 
0 12.48169 2.3432622945 -0.835748389804 -0.225136302294 -0.00948075522328 
0 12.48169 -0.587109563596 3.76026776607 1.72112098786 -0.00948075522328 
0 299.551611 2.3432622945 -0.835748389804 -0.225136302294 -0.0837239365695 
0 299.551611 -0.587109563596 3.76026776607 1.72112098786 -0.0837239365695 
0 9.731111 -0.541650478956 3.72398459484 1.69695535102 0.0 
0 9.731111 2.29741002142 -0.79281676846 -0.215545752348 0.0 
0 3.758981 2.3432622945 -0.835748389804 -0.225136302294 0.000697347034609 
0 3.758981 -0.587109563596 3.76026776607 1.72112098786 0.000697347034609 
0 1.48463 1.47287997682 2.97729142129 0.32506392241 0.0 
0 1.48463 3.08708776334 1.0698688971 -0.31668298701 0.0 
0 1.231501 1.94589367351 0.370559923888 -0.0131370380046 0.0 
0 1.008402 -0.206254217517 3.12463725146 1.52762922171 0.0 
0 33.967741 3.71854639251 0.323708196837 -0.567726642651 0.00297135414274 
0 33.967741 3.15098226631 -2.47844007397 -0.177998973635 0.00297135414274 
0 33.967741 0.841421347655 3.72345212155 0.57610757805 0.00297135414274 
0 33.967741 -1.9996344945 3.23051894951 0.683232373071 0.00297135414274 
0 28.53222 2.3432622945 -0.835748389804 -0.225136302294 -0.0139044484662 
0 28.53222 -0.587109563596 3.76026776607 1.72112098786 -0.0139044484662 
0 3.842781 -0.471993089723 3.66838754529 1.65992611508 0.0 
0 1339.3475 2.3432622945 -0.835748389804 -0.225136302294 1.66908057214 
0 1339.3475 -0.587109563596 3.76026776607 1.72112098786 1.66908057214 
0 3.842781 2.22715014578 -0.727032235355 -0.200850061138 0.0 
0 34.120611 3.14493131635 -2.46613402048 -0.178352098018 0.0 
0 34.120611 -1.98905271125 3.23448750754 0.691007607422 0.0 
0 34.120611 0.830719657267 3.72372792211 0.584685326634 0.0 
0 34.120611 3.70824359507 0.3150222487 -0.565160162833 0.0 
0 67.73 3.71854639251 0.323708196837 -0.567726642651 0.00181730662146 
0 67.73 3.15098226631 -2.47844007397 -0.177998973635 0.00181730662146 
0 67.73 0.841421347655 3.72345212155 0.57610757805 0.00181730662146 
0 67.73 -1.9996344945 3.23051894951 0.683232373071 0.00181730662146 
0 3.108931 2.3432622945 -0.835748389804 -0.225136302294 0.000203744133563 
0 3.108931 -0.587109563596 3.76026776607 1.72112098786 0.000203744133563 
0 299.62184 2.34414069334 -0.837534823858 -0.225085040252 0.0 
0 299.62184 -0.588645690346 3.75969166202 1.71999227966 0.0 
0 299.62184 -0.585556030275 3.7602277289 1.719875781 0.0 
0 299.62184 2.34475792169 -0.834487475933 -0.225508870717 0.0 
0 25.781641 -0.569951330782 3.74657292148 1.71199982701 0.0 
0 299.398741 2.34353946988 -0.836312092195 -0.225120126754 0.0 
0 299.398741 -0.587594282481 3.76008597866 1.72076482833 0.0 
0 299.398741 -0.586619352134 3.7602551325 1.72072806763 0.0 
0 299.398741 2.34373423391 -0.835350513284 -0.225253864826 0.0 
0 2594.46 2.3432622945 -0.835748389804 -0.225136302294 1.55124431041 
0 2594.46 -0.587109563596 3.76026776607 1.72112098786 1.55124431041 
0 25.781641 2.3259556553 -0.819544131405 -0.22151641223 0.0 
0 88.53589 2.35383402791 -0.857248537334 -0.224519351754 0.0 
0 88.53589 -0.605597204762 3.75333422046 1.70753672335 0.0 
0 88.53589 -0.568412430324 3.7597859095 1.70613463499 0.0 
0 88.53589 2.36126251408 -0.820572999371 -0.229620249544 0.0 
0 6.59336 2.3432622945 -0.835748389804 -0.225136302294 -0.00154760479767 
0 6.59336 -0.587109563596 3.76026776607 1.72112098786 -0.00154760479767 
0 1.261531 -1.58016044541 2.76557265883 0.613092384603 0.0 
0 1.261531 2.73150821722 -2.01349378329 -0.107858985167 0.0 
0 87.479841 2.34149845224 -0.83039382109 -0.224195278664 0.0 
0 1298.135661 2.3432622945 -0.835748389804 -0.225136302294 -0.170493745602 
0 1298.135661 -0.587109563596 3.76026776607 1.72112098786 -0.170493745602 
0 43.27629 2.36489025351 -0.879734015575 -0.223874126976 0.0 
0 43.27629 -0.624932116423 3.74608291725 1.69332990531 0.0 
0 43.27629 -0.54885842574 3.75928196991 1.69046147224 0.0 
0 43.27629 2.38008766609 -0.804702135653 -0.234309691706 0.0 
0 1.161272 0.057903216374 2.7486251142 1.29272456377 0.0 
0 1.161272 1.69824951453 0.175894262063 0.203260121794 0.0 
0 33.967741 3.15269895703 -2.46996451725 -0.179177768847 0.0 
0 33.967741 3.71682970178 0.315232640117 -0.566547847439 0.0 
0 33.967741 -1.99104125545 3.23200990668 0.682908356571 0.0 
0 33.967741 0.832828108608 3.72196116438 0.57643159455 0.0 
0 0.65168 0.859455949004 1.77711357317 0.0577528652102 0.0 
0 1300.97004 2.3432622945 -0.835748389804 -0.225136302294 0.753473190886 
0 1300.97004 -0.587109563596 3.76026776607 1.72112098786 0.753473190886 
0 42.220241 2.33960763416 -0.824653786631 -0.22318651244 0.0 
0 3.17916 2.42604751941 -1.00411193815 -0.220305080471 0.0 
0 3.17916 -0.731882750062 3.70597249487 1.61474520739 0.0 
0 3.17916 -0.440695884472 3.75649443928 1.60376572123 0.0 
0 3.17916 2.48421857556 -0.71691280613 -0.260249236686 0.0 
0 2.956061 2.37133544916 -0.892841861935 -0.223497995004 0.0 
0 2.956061 -0.636203348848 3.74185579042 1.68504808064 0.0 
0 2.956061 -0.537459473712 3.75898819974 1.68132484605 0.0 
0 2.956061 2.39106173556 -0.795450260243 -0.237043388838 0.0 
0 0.65168 1.99620180698 0.622506023791 0.199054302208 0.0 
0 34.770661 3.12994382596 -2.43565337534 -0.179226745526 0.0 
0 34.770661 -1.9628428804 3.24431715838 0.710265947174 0.0 
0 34.770661 0.804212830577 3.72441104762 0.605931399626 0.0 
0 34.770661 3.68272477924 0.293508178157 -0.558803294595 0.0 
0 5.197531 -1.88660166747 3.17305923575 0.658504328114 0.0 
0 5.197531 3.60551356548 0.381167910601 -0.542998597693 0.0 
0 90.23042 2.3432622945 -0.835748389804 -0.225136302294 -0.0140560714668 
0 90.23042 -0.587109563596 3.76026776607 1.72112098786 -0.0140560714668 
0 5.197531 0.887075062533 3.60085764235 0.561200950032 0.0 
0 5.197531 3.10532855143 -2.35584559477 -0.163092345617 0.0 
0 9.731111 -0.547642816921 3.69439953353 1.70107009295 0.0 
0 1297.485611 2.3432622945 -0.835748389804 -0.225136302294 -0.0511514314908 
0 1297.485611 -0.587109563596 3.76026776607 1.72112098786 -0.0511514314908 
0 8675.8771 2.3432622945 -0.835748389804 -0.225136302294 3.72094712413 
0 8675.8771 -0.587109563596 3.76026776607 1.72112098786 3.72094712413 
0 8614.1789 2.3432622945 -0.835748389804 -0.225136302294 3.68080922576 
0 8614.1789 -0.587109563596 3.76026776607 1.72112098786 3.68080922576 
0 1.414401 2.94042687435 0.944764338661 -0.154085368583 0.0 
0 34.19084 3.15639117392 -2.45173549483 -0.18171309308 0.0 
0 34.19084 3.71313748489 0.2970036177 -0.564012523206 0.0 
0 34.19084 -1.97255912473 3.23521662131 0.682211469718 0.0 
0 34.19084 0.814345977889 3.71875444975 0.577128481403 0.0 
0 87.479841 -0.582052771156 3.75623168687 1.71843284289 0.0 
0 44.97082 2.3432622945 -0.835748389804 -0.225136302294 -0.00354679898113 
0 44.97082 -0.587109563596 3.76026776607 1.72112098786 -0.00354679898113 
0 87.479841 2.33816176444 -0.830972748148 -0.22406946558 0.0 
0 1.414401 -1.21478480114 2.49566181856 0.519071696234 0.0 
0 8598.12837 2.3432622945 -0.835748389804 -0.225136302294 2.42585850565 
0 8598.12837 -0.587109563596 3.76026776607 1.72112098786 2.42585850565 
0 8887.796 2.3432622945 -0.835748389804 -0.225136302294 2.76111089814 
0 8887.796 -0.587109563596 3.76026776607 1.72112098786 2.76111089814 
0 0.581451 1.50768405075 0.264151046694 0.656870950876 0.0 
0 33.967741 0.850123683917 3.71316903883 0.572647863974 0.0 
0 33.967741 3.70984405625 0.333991279559 -0.564266928575 0.0 
0 3.842781 -0.48716754434 3.5934690122 1.67034591533 0.0 
0 5.350401 0.913170561642 3.50564007309 0.537828811748 0.0 
0 42.220241 -0.576631949349 3.75190505761 1.71555118321 0.0 
0 300.45479 2.34637749805 -0.842083901036 -0.224954503677 0.0 
0 300.45479 -0.592557370784 3.75822463795 1.71711807298 0.0 
0 300.45479 -0.581600024757 3.76012577599 1.71670491551 0.0 
0 300.45479 2.34856647175 -0.831276613208 -0.226457600118 0.0 
0 42.220241 2.33269405642 -0.825853316663 -0.222925829216 0.0 
0 4.01211 2.57655047108 -1.31019567482 -0.211521953466 0.0 
0 4.01211 -0.995079376159 3.60726407695 1.42135479303 0.0 
0 4.01211 -0.174516854361 3.74963455793 1.39041467892 0.0 
0 4.01211 2.74047609471 -0.500870557931 -0.324084302349 0.0 
0 9.95421 2.29410120044 -0.686508028729 -0.198908474473 0.0 
0 25.781641 -0.572213099375 3.73540623448 1.71355290932 0.0 
0 299.398741 2.34274692614 -0.834183864789 -0.224861349242 0.0 
0 1.231501 0.552113982903 2.85099642156 1.1155200895 0.0 
0 1297.55584 2.34346512776 -0.836160899726 -0.225124465248 0.0 
0 1297.55584 -0.587464274437 3.76013473645 1.72086035505 0.0 
0 1297.55584 -0.58675083336 3.76025852099 1.72083345405 0.0 
0 1297.55584 2.34360765349 -0.835457229052 -0.225222332993 0.0 
0 9885.73 2.3432622945 -0.835748389804 -0.225136302294 1.68691034765 
0 9885.73 -0.587109563596 3.76026776607 1.72112098786 1.68691034765 
0 1.231501 1.1941852822 0.240135876504 0.0152068636322 0.0 
0 5.42063 1.01436848196 3.51908979458 0.507350451577 0.0 
0 5.42063 3.54559925821 0.528070523804 -0.498969516178 0.0 
0 1297.332741 2.3433262611 -0.835878481168 -0.225132569299 0.0 
0 1297.332741 -0.587221427129 3.76022581313 1.72103879328 0.0 
0 1297.332741 -0.586996432485 3.76026485049 1.72103030964 0.0 
0 1297.332741 2.34337120879 -0.835656567771 -0.225163433401 0.0 
0 4.06588 2.22290462184 -0.470373638306 -0.160924543469 0.0 
0 8630.6175 2.3432622945 -0.835748389804 -0.225136302294 0.907526064493 
0 8630.6175 -0.587109563596 3.76026776607 1.72112098786 0.907526064493 
0 5.197531 -1.89782086095 3.11766841355 0.666208180278 0.0 
0 5.197531 3.04916863275 -2.36558953801 -0.160974780842 0.0 
0 2.956061 2.29106423745 -0.677288594916 -0.197288230988 0.0 
0 302.14932 2.3432622945 -0.835748389804 -0.225136302294 -0.0104302401559 
0 302.14932 -0.587109563596 3.76026776607 1.72112098786 -0.0104302401559 
0 9.883981 -0.511326811583 3.64140955645 1.67078855883 0.0 
0 9.883981 2.26747954249 -0.71689018018 -0.174803873266 0.0 
0 26.00474 2.32444419234 -0.778621500836 -0.215096697746 0.0 
0 6.25358 3.25615204646 -1.9592012708 -0.250215612037 0.0 
0 6.25358 3.61337661235 -0.195530606333 -0.495510004248 0.0 
0 6.25358 -1.47318610824 3.32185959446 0.6633821207 0.0 
0 6.25358 0.314972961397 3.6321114766 0.595957830421 0.0 
0 8.83483 2.80905095542 -1.78304099935 -0.197953573177 0.0 
0 8.83483 -1.40167168791 3.45477700132 1.12260075196 0.0 
0 8.83483 0.236682744952 3.73903725257 1.06082499233 0.0 
0 8.83483 3.13634871152 -0.16712343346 -0.422698206727 0.0 
0 299.398741 -0.585632044361 3.759088484 1.72033555204 0.0 
0 8589.405661 2.3432622945 -0.835748389804 -0.225136302294 -0.092702246105 
0 8589.405661 -0.587109563596 3.76026776607 1.72112098786 -0.092702246105 
0 0.65168 0.575673885902 0.376039437772 0.252616699718 0.0 
0 299.398741 2.34177199579 -0.83435301863 -0.224824588538 0.0 
0 3.995651 -0.399646924586 3.46625002388 1.59661442505 0.0 
0 3.995651 2.15579965549 -0.541730647609 -0.100629739485 0.0 
0 8592.24004 2.3432622945 -0.835748389804 -0.225136302294 0.409684571878 
0 8592.24004 -0.587109563596 3.76026776607 1.72112098786 0.409684571878 
0 17177.0 2.3432622945 -0.835748389804 -0.225136302294 0.458610307528 
0 17177.0 -0.587109563596 3.76026776607 1.72112098786 0.458610307528 
0 87.479841 -0.582719348795 3.7529406942 1.71889055989 0.0 
0 33.967741 -1.98233891919 3.22172682396 0.679448642494 0.0 
0 33.967741 3.7012508172 0.332500322388 -0.563942912074 0.0 
0 2.956061 -0.437461975611 3.64082653441 1.6415696882 0.0 
0 42.220241 -0.57801309035 3.74508615964 1.71649956744 0.0 
0 2.956061 2.19232036232 -0.694421004236 -0.193564996398 0.0 
0 25.934511 -0.558227766633 3.71496934939 1.70193864152 0.0 
0 25.934511 2.31438049754 -0.790449973126 -0.205953955952 0.0 
0 33.967741 0.848406993193 3.70469348211 0.573826659186 0.0 
0 33.967741 3.14399662077 -2.45968143453 -0.175718054771 0.0 
0 1298.38879 2.3439831709 -0.837214464304 -0.225094233026 0.0 
0 1298.38879 -0.588370218168 3.75979497423 1.72019468985 0.0 
0 1298.38879 -0.585834623957 3.76023490873 1.72009908279 0.0 
0 1298.38879 2.34448971226 -0.834713594442 -0.225442058369 0.0 
0 8588.755611 2.3432622945 -0.835748389804 -0.225136302294 -0.0278124723809 
0 8588.755611 -0.587109563596 3.76026776607 1.72112098786 -0.0278124723809 
0 1297.332741 2.34314335768 -0.83538732837 -0.225072848567 0.0 
0 5.70664 2.3432622945 -0.835748389804 -0.225136302294 6.77067141294e-06 
0 5.70664 -0.587109563596 3.76026776607 1.72112098786 6.77067141294e-06 
0 87.70294 2.33768255163 -0.818809734217 -0.222159465873 0.0 
0 5.350401 3.5128472263 0.487886999146 -0.458378832705 0.0 
0 1.48463 -0.744633544619 2.59254503301 0.4086774431 0.0 
0 1.48463 2.46354544263 0.961682113336 -0.29317171268 0.0 
0 5.350401 -1.79215617818 3.03625637725 0.639835807939 0.0 
0 34.120611 0.852672232531 3.68929734625 0.570105143055 0.0 
0 42.44334 2.33173257384 -0.800747141207 -0.218985106229 0.0 
0 1.48463 1.34831352263 2.36228836156 0.410599620646 0.0 
0 1.48463 2.64409009133 -1.11727631398 -0.0124910162307 0.0 
0 8588.82584 2.34329293751 -0.835810709691 -0.225134514013 0.0 
0 8588.82584 -0.587163151494 3.76024766864 1.72108161279 0.0 
0 8588.82584 -0.587055368468 3.76026636937 1.72107754872 0.0 
0 8588.82584 2.34331446957 -0.835704402728 -0.225149299371 0.0 
0 1300.08332 2.3432622945 -0.835748389804 -0.225136302294 -0.00637239165557 
0 1300.08332 -0.587109563596 3.76026776607 1.72112098786 -0.00637239165557 
0 8588.602741 2.34327195684 -0.835768040472 -0.225135738414 0.0 
0 8588.602741 -0.587126460899 3.76026142896 1.72110857213 0.0 
0 8588.602741 -0.587092474821 3.76026732566 1.72110729066 0.0 
0 8588.602741 2.34327874631 -0.835734519826 -0.225140400524 0.0 
0 299.398741 -0.585826808393 3.75812690509 1.72046929011 0.0 
0 2.064451 1.50026903828 1.72336101049 0.224607186946 0.0 
0 34.19084 0.868840458288 3.6910524332 0.56520679461 0.0 
0 34.19084 3.69112728187 0.356107885187 -0.556825859211 0.0 
0 1297.332741 -0.586768581375 3.75999561109 1.7209397248 0.0 
0 87.632711 -0.578562124261 3.74686190116 1.71544405779 0.0 
0 87.632711 2.33471485517 -0.822342524891 -0.219459372224 0.0 
0 1297.332741 2.34291836303 -0.835426365731 -0.225064364923 0.0 
0 33.967741 -1.98405560992 3.21325126724 0.680627437706 0.0 
0 33.967741 3.13540338172 -2.4611723917 -0.17539403827 0.0 
0 9.95421 -0.446168701715 3.64777580839 1.64619810478 0.0 
0 1.414401 2.47543311813 -1.35097880259 0.165210591741 0.0 
0 14.72316 2.62276503951 -1.40418404937 -0.20882494042 0.0 
0 14.72316 -1.07589851194 3.57695392766 1.36197087771 0.0 
0 14.72316 -0.0927819191681 3.74752811116 1.32490150304 0.0 
0 14.72316 2.81916445611 -0.434531000123 -0.343685977781 0.0 
0 2.31758 2.27998387008 2.02358015919 0.00419046769967 0.0 
0 9.95421 2.20110239535 -0.702643648208 -0.19540186338 0.0 
0 4.06588 -0.242053896252 3.48486156371 1.53769252663 0.0 
0 42.373111 -0.569432426766 3.73254281839 1.70938041086 0.0 
0 42.373111 2.32558515768 -0.808023442121 -0.213395725299 0.0 
0 2.956061 -0.457188262007 3.54343493272 1.65511508204 0.0 
0 4.06588 1.99522214336 -0.509877348395 -0.152339552468 0.0 
0 299.62184 2.34162903621 -0.830790240242 -0.224264946234 0.0 
0 7.94811 2.86101602906 -1.88872440115 -0.194920969255 0.0 
0 7.94811 -1.49254719502 3.4206953428 1.05582766206 0.0 
0 7.94811 0.328588004924 3.73666869943 0.987159974465 0.0 
0 7.94811 3.22482831079 -0.0925292064945 -0.444738929855 0.0 
0 3.17916 2.18933488786 -0.368464612133 -0.143014828077 0.0 
0 26.00474 -0.533159593831 3.71720759435 1.69244167355 0.0 
0 26.00474 2.28884569623 -0.784797965003 -0.21375442156 0.0 
0 1.231501 0.401943504047 2.10958249452 1.21863723165 0.0 
0 8589.65879 2.34337126016 -0.835969997523 -0.225129943221 0.0 
0 8589.65879 -0.587300120614 3.76019630018 1.72098097124 0.0 
0 8589.65879 -0.586916847287 3.76026279945 1.72096651955 0.0 
0 8589.65879 2.34344782754 -0.835591973032 -0.225182519526 0.0 
0 35.02379 3.16976057767 -2.38572876561 -0.190893424109 0.0 
0 35.02379 3.69976808114 0.230996888474 -0.554832192176 0.0 
0 35.02379 -1.90563589814 3.24682803629 0.679688063868 0.0 
0 35.02379 0.747422751291 3.70714303477 0.579651887253 0.0 
0 8588.602741 2.34324432876 -0.835693850453 -0.225126717429 0.0 
0 299.551611 -0.584609041971 3.75634593009 1.71946022305 0.0 
0 299.551611 2.34076177288 -0.831826553825 -0.223475537491 0.0 
0 3.108931 -0.346179391449 3.38239116295 1.56110303564 0.0 
0 3.108931 2.10233212236 -0.457871786682 -0.0651183500802 0.0 
0 1297.332741 -0.586813529062 3.75977369769 1.72097058891 0.0 
0 34.120611 3.68629101981 0.349452824565 -0.550579979255 0.0 
0 34.120611 -1.96710013598 3.20005693168 0.676427423843 0.0 
0 8591.35332 2.3432622945 -0.835748389804 -0.225136302294 -0.00346484862213 
0 8591.35332 -0.587109563596 3.76026776607 1.72112098786 -0.00346484862213 
0 1.811322 0.878076365454 1.46225968813 0.747992342782 0.0 
0 87.70294 -0.571112894194 3.74750002339 1.71261730358 0.0 
0 8588.602741 -0.587058057267 3.76022665629 1.72109360756 0.0 
0 8588.602741 2.34321034268 -0.835699747157 -0.22512543595 0.0 
0 87.70294 2.3271272654 -0.82064111347 -0.22176146846 0.0 
0 1297.55584 2.34288515478 -0.834603491181 -0.224935095303 0.0 
0 42.44334 -0.554054791357 3.73388509755 1.70354937092 0.0 
0 5.42063 -1.65590838513 3.05578737483 0.608035857964 0.0 
0 5.42063 3.37482028314 0.498439771516 -0.492530127544 0.0 
0 42.44334 2.30992162222 -0.804531417958 -0.218162702921 0.0 
0 1.48463 -0.869199998807 1.97754197329 0.494213141336 0.0 
0 1.48463 2.02054777061 -1.22546309774 0.0110202581 0.0 
0 5.42063 0.980251581361 3.3506495962 0.530777408162 0.0 
0 5.42063 3.0121520326 -2.10563754862 -0.132668803747 0.0 
0 30.77369 2.47698573278 -1.10770697409 -0.217332402577 0.0 
0 30.77369 -0.820962503972 3.67256430987 1.54929159282 0.0 
0 30.77369 -0.350606726226 3.75417269013 1.53155636723 0.0 
0 30.77369 2.57094976616 -0.643792604747 -0.281854422225 0.0 
0 37.60504 3.0706498161 -2.31506482941 -0.182687055197 0.0 
0 37.60504 -1.85915067258 3.2832055512 0.786456433858 0.0 
0 37.60504 0.699345637875 3.72711365158 0.689985822913 0.0 
0 37.60504 3.58176638808 0.208393494013 -0.53365404024 0.0 
0 5.350401 2.97239800865 -2.18039094649 -0.0872700820103 0.0 
0 1297.485611 -0.586532266033 3.75936232845 1.72073756567 0.0 
0 1297.485611 2.34268499694 -0.834842952182 -0.224752880105 0.0 
0 3.17916 -0.145812196764 3.40804624528 1.48653131262 0.0 
0 3.17916 1.89814802227 -0.418986556539 -0.13203534192 0.0 
0 299.62184 -0.582427144795 3.75653049321 1.71863185652 0.0 
0 299.62184 2.33853937614 -0.831326307122 -0.224148447573 0.0 
0 8588.602741 -0.587064846742 3.76019313564 1.72109826967 0.0 
0 2.064451 1.82968360097 1.83130415142 0.436375675057 0.0 
0 36.71832 3.0882156814 -2.35078921641 -0.181661937589 0.0 
0 36.71832 -1.88986951517 3.27168485507 0.763884983058 0.0 
0 36.71832 0.730412570029 3.72631300448 0.665084678921 0.0 
0 36.71832 3.61167533679 0.23360874055 -0.541104513154 0.0 
0 8588.82584 2.34320531817 -0.835575424381 -0.225105904971 0.0 
0 2.064451 -0.0944343958656 1.44667436091 0.284737042884 0.0 
0 4.06588 -0.287538537925 3.26029714161 1.56892533814 0.0 
0 47.21229 2.43042526913 -1.0130151389 -0.220049601549 0.0 
0 47.21229 -0.739538473371 3.70310131697 1.60911996999 0.0 
0 47.21229 -0.432953410583 3.7562949027 1.59755987972 0.0 
0 47.21229 2.49167245783 -0.710628684256 -0.262106037084 0.0 
0 9.95421 -0.464747282525 3.5560505994 1.65895540684 0.0 
0 34.19084 -1.9451400141 3.20281693296 0.671310686278 0.0 
0 34.19084 3.66405191211 0.35141021339 -0.555804955857 0.0 
0 1297.55584 -0.586028334647 3.75940478312 1.72054621636 0.0 
0 92.47189 2.38776407375 -0.926253398035 -0.222539245062 0.0 
0 92.47189 -0.664933407065 3.73108096159 1.66393793974 0.0 
0 92.47189 -0.508403861773 3.75823938774 1.65803583982 0.0 
0 92.47189 2.41903433366 -0.771867486936 -0.244011506857 0.0 
0 8588.755611 -0.587022352442 3.76013098347 1.72106306506 0.0 
0 8588.755611 2.34317508335 -0.835611607208 -0.225078379494 0.0 
0 1297.55584 2.3421717137 -0.834727275715 -0.224908194308 0.0 
0 34.19084 0.863431550672 3.66434785406 0.568920914055 0.0 
0 34.19084 3.12897206329 -2.41933580648 -0.170812309639 0.0 
0 34.120611 3.12297874108 -2.43170344461 -0.16377191444 0.0 
0 6.000451 1.06809743813 3.0353221636 0.455174112563 0.0 
0 26.00474 -0.540271185598 3.68209661102 1.69732497035 0.0 
0 5.42063 -1.69002528573 2.88734717645 0.631462814549 0.0 
0 5.42063 2.84137305753 -2.13526830091 -0.126229415113 0.0 
0 6.25358 1.37455336655 3.09347868833 0.364154799545 0.0 
0 6.25358 3.18541437361 0.953681630057 -0.355773864145 0.0 
0 304.39079 2.35678163796 -0.863243207126 -0.224347333644 0.0 
0 304.39079 -0.610751927718 3.75140100971 1.70374915957 0.0 
0 304.39079 -0.563199296792 3.75965155828 1.70195614102 0.0 
0 304.39079 2.36628133417 -0.816341797958 -0.230870463436 0.0 
0 87.70294 -0.573221547506 3.73708928924 1.71406524664 0.0 
0 42.44334 -0.558412014302 3.71237284162 1.706541333 0.0 
0 8588.82584 -0.586946217061 3.76013739102 1.72103415432 0.0 
0 4.89883 1.98801047503 0.242704212256 -0.0356066807098 0.0 
0 8588.82584 2.34309753514 -0.835594125115 -0.225101840907 0.0 
0 3.17916 -0.203983252918 3.12084711326 1.52647546884 0.0 
0 299.62184 -0.583044373148 3.75348314529 1.71905568698 0.0 
0 10.18958 3.43476432941 -1.07736593857 -0.372862808143 0.0 
0 10.18958 -0.579106573423 3.47698553553 0.62966997556 0.0 
0 1302.32479 2.34642215422 -0.842174720033 -0.22495189761 0.0 
0 1302.32479 -0.592635464621 3.75819534989 1.71706069155 0.0 
0 1302.32479 -0.581521046002 3.76012374057 1.7166416115 0.0 
0 1302.32479 2.34864250666 -0.831212510683 -0.226476540807 0.0 
0 34.19084 -1.95054892172 3.17611235382 0.675024805722 0.0 
0 34.19084 3.10189669352 -2.42403347828 -0.169791406286 0.0 
0 2.31758 0.859455949004 1.77711357317 0.0577528652102 0.0 
0 10.78716 2.18192990759 -0.345985008103 -0.139064213245 0.0 
0 4.01211 1.9094959544 0.481053981156 0.00628142954906 0.0 
0 34.770661 0.880539349287 3.60469999043 0.555237818516 0.0 
0 4.645701 -0.0158451823152 2.86429262954 1.34170584176 0.0 
0 4.645701 1.77199791322 0.0602267467245 0.154278843807 0.0 
0 2.31758 1.99620180698 0.622506023791 0.199054302208 0.0 
0 1297.55584 -0.586170860378 3.75870111244 1.72064408411 0.0 
0 8593.59479 2.34374115856 -0.83672227435 -0.225108356504 0.0 
0 8593.59479 -0.587946991711 3.75995369972 1.72050566625 0.0 
0 8593.59479 -0.58626264619 3.76024593958 1.72044215635 0.0 
0 8593.59479 2.34407764406 -0.835060995533 -0.22533941006 0.0 
0 26.83769 2.27841624141 -0.638892551595 -0.190540426266 0.0 
0 10.534031 -0.335171487148 3.36512628721 1.5537919451 0.0 
0 10.534031 2.09132421806 -0.440606910939 -0.0578072595316 0.0 
0 35.02379 0.93661332233 3.6109688848 0.538262911422 0.0 
0 35.02379 3.62335441783 0.436191433589 -0.529881976022 0.0 
0 43.49337 2.97217278925 -2.11478825 -0.188434027096 0.0 
0 43.49337 -1.68693596898 3.34779240091 0.912995566908 0.0 
0 43.49337 0.525179488954 3.7316022062 0.829585585493 0.0 
0 43.49337 3.41409207796 0.0670328227487 -0.49188550743 0.0 
0 3.758981 0.118912495941 2.6529377243 1.25220419268 0.0 
0 3.758981 1.63724023497 0.271581651967 0.243780492885 0.0 
0 2.064451 1.51110610322 0.258439794393 0.655132393225 0.0 
0 8588.82584 -0.586967749119 3.76003108406 1.72104893968 0.0 
0 6.000451 3.06868446065 0.842395538177 -0.222265937465 0.0 
0 6.000451 -1.34415172348 2.61678845746 0.546130331425 0.0 
0 88.53589 2.32360565277 -0.776075911665 -0.214649330331 0.0 
0 43.27629 2.30304816638 -0.713668702276 -0.203681750711 0.0 
0 26.584561 -0.487280060773 3.60369446069 1.65481749224 0.0 
0 26.584561 2.24343279168 -0.679175084428 -0.15883280668 0.0 
0 300.45479 2.33747001451 -0.818164526486 -0.222046075654 0.0 
1 3.758981 2.3432622945 -0.835748389804 -0.225136302294 0.0 -1.45482651375e-16 -6.29090028459e-17 1.64885616582e-16 
1 3.758981 -0.587109563596 3.76026776607 1.72112098786 0.0 -2.32261332613e-17 6.08843621107e-16 1.21565658338e-16 
1 3.108931 2.3432622945 -0.835748389804 -0.225136302294 0.0 -1.76213751595e-16 6.08245000006e-17 8.81582616471e-18 
1 3.108931 -0.587109563596 3.76026776607 1.72112098786 0.0 9.71721393485e-17 1.01977617006e-16 -1.47612216322e-17 
1 1.161272 2.3432622945 -0.835748389804 -0.225136302294 0.0 -6.08227773906e-17 5.18005064467e-17 -1.15373335489e-16 
1 1.161272 -0.587109563596 3.76026776607 1.72112098786 0.0 7.98502459123e-17 -2.73588025278e-16 -2.97865154518e-17 
1 10.534031 2.3432622945 -0.835748389804 -0.225136302294 0.0 -6.86929610144e-17 -2.97039244136e-17 7.78545147796e-17 
1 10.534031 -0.587109563596 3.76026776607 1.72112098786 0.0 -1.09667499977e-17 2.87479439872e-16 5.74000057735e-17 
1 1.231501 2.55697505285 -1.27038438147 -0.212664345576 0.0 0.0 0.0 0.0 
1 1.231501 -0.960846266599 3.62010275249 1.44650844086 0.0 0.0 0.0 0.0 
1 1.231501 -0.209137875289 3.75052679987 1.41816453922 0.0 0.0 0.0 0.0 
1 1.231501 2.7071455317 -0.52897045443 -0.315781487723 0.0 0.0 0.0 0.0 
1 1.008402 2.42555681358 -1.00311397052 -0.220333717329 0.0 0.0 0.0 0.0 
1 1.008402 -0.731024613274 3.70629432774 1.61537574521 0.0 0.0 0.0 0.0 
1 1.008402 -0.441563745209 3.75651680551 1.60446133949 0.0 0.0 0.0 0.0 
1 1.008402 2.48338306332 -0.717617198902 -0.260041106289 0.0 0.0 0.0 0.0 
1 3.17916 2.42604751941 -1.00411193815 -0.220305080471 0.0 0.0 0.0 0.0 
1 3.17916 -0.731882750062 3.70597249487 1.61474520739 0.0 0.0 0.0 0.0 
1 3.17916 -0.440695884472 3.75649443928 1.60376572123 0.0 0.0 0.0 0.0 
1 3.17916 2.48421857556 -0.71691280613 -0.260249236686 0.0 0.0 0.0 0.0 
1 2.956061 2.37133544916 -0.892841861935 -0.223497995004 0.0 0.0 0.0 0.0 
1 2.956061 -0.636203348848 3.74185579042 1.68504808064 0.0 0.0 0.0 0.0 
1 2.956061 -0.537459473712 3.75898819974 1.68132484605 0.0 0.0 0.0 0.0 
1 2.956061 2.39106173556 -0.795450260243 -0.237043388838 0.0 0.0 0.0 0.0 
1 0.581451 2.79590142594 -1.75629828716 -0.198720960037 0.0 0.0 0.0 0.0 
1 0.581451 -1.37867604725 3.46340121259 1.13949738373 0.0 0.0 0.0 0.0 
1 0.581451 0.213426529939 3.73963660435 1.07946559565 0.0 0.0 0.0 0.0 
1 0.581451 3.11395934463 -0.185999168991 -0.417120900311 0.0 0.0 0.0 0.0 
1 0.358352 2.57483894992 -1.30671488733 -0.211621835279 0.0 0.0 0.0 0.0 
1 0.358352 -0.992086301345 3.60838659013 1.42355403087 0.0 0.0 0.0 0.0 
1 0.358352 -0.177543845104 3.74971256857 1.39284090923 0.0 0.0 0.0 0.0 
1 0.358352 2.73756193149 -0.503327392661 -0.323358369308 0.0 0.0 0.0 0.0 
1 9.883981 2.3432622945 -0.835748389804 -0.225136302294 0.0 -7.33406019541e-17 2.53153082732e-17 3.66916878955e-18 
1 9.883981 -0.587109563596 3.76026776607 1.72112098786 0.0 4.04432862275e-17 4.24433379877e-17 -6.14365717933e-18 
1 2.064451 2.79664085671 -1.75780209643 -0.198677807964 0.0 0.0 0.0 0.0 
1 2.064451 -1.37996914936 3.46291625173 1.13854724407 0.0 0.0 0.0 0.0 
1 2.064451 0.214734284792 3.73960290131 1.07841738813 0.0 0.0 0.0 0.0 
1 2.064451 3.11521835446 -0.184937739402 -0.417434526132 0.0 0.0 0.0 0.0 
1 1.414401 3.00501085529 -2.18157230869 -0.18651764671 0.0 0.0 0.0 0.0 
1 1.414401 -1.74436253831 3.32625532466 0.870799934685 0.0 0.0 0.0 0.0 
1 1.414401 0.583256785585 3.73010545657 0.783034766799 0.0 0.0 0.0 0.0 
1 1.414401 3.47000461152 0.114170832562 -0.505813607034 0.0 0.0 0.0 0.0 
1 9.95421 2.36970210998 -0.889520076193 -0.223593314234 0.0 0.0 0.0 0.0 
1 9.95421 -0.633346997152 3.74292702739 1.68714685769 0.0 0.0 0.0 0.0 
1 9.95421 -0.540348192063 3.75906264687 1.6836402466 0.0 0.0 0.0 0.0 
1 9.95421 2.38828069079 -0.797794867205 -0.236350616288 0.0 0.0 0.0 0.0 
1 43.023161 2.3432622945 -0.835748389804 -0.225136302294 0.0 -1.63810465087e-17 -7.08342398005e-18 1.85657803752e-17 
1 43.023161 -0.587109563596 3.76026776607 1.72112098786 0.0 -2.6152147048e-18 6.85545360879e-17 1.36880424179e-17 
1 4.01211 2.57655047108 -1.31019567482 -0.211521953466 0.0 0.0 0.0 0.0 
1 4.01211 -0.995079376159 3.60726407695 1.42135479303 0.0 0.0 0.0 0.0 
1 4.01211 -0.174516854361 3.74963455793 1.39041467892 0.0 0.0 0.0 0.0 
1 4.01211 2.74047609471 -0.500870557931 -0.324084302349 0.0 0.0 0.0 0.0 
1 9.731111 2.35179019616 -0.853091916799 -0.224638626716 0.0 0.0 0.0 0.0 
1 9.731111 -0.602022991664 3.75467468187 1.71016296732 0.0 0.0 0.0 0.0 
1 9.731111 -0.572027144502 3.75987906676 1.70903194451 0.0 0.0 0.0 0.0 
1 9.731111 2.35778253413 -0.823506855495 -0.228753368645 0.0 0.0 0.0 0.0 
1 0.358352 1.91267828571 0.471393246735 0.00458363092953 0.0 0.0 0.0 0.0 
1 1.008402 2.19024728589 -0.371234416471 -0.143501599556 0.0 0.0 0.0 0.0 
1 2.956061 2.29106423745 -0.677288594916 -0.197288230988 0.0 0.0 0.0 0.0 
1 42.373111 2.3432622945 -0.835748389804 -0.225136302294 0.0 -1.66618473491e-17 5.75124543299e-18 8.33578245072e-19 
1 42.373111 -0.587109563596 3.76026776607 1.72112098786 0.0 9.18808740947e-18 9.64246815124e-18 -1.39574363122e-18 
1 0.358352 1.09813582947 0.330067268288 0.0352967525676 0.0 0.0 0.0 0.0 
1 5.350401 3.11239411007 -2.39996183204 -0.180250920679 0.0 0.0 0.0 0.0 
1 5.350401 -1.93215227959 3.2558272628 0.732816646607 0.0 0.0 0.0 0.0 
1 5.350401 0.773174460224 3.72521095864 0.630809650417 0.0 0.0 0.0 0.0 
1 5.350401 3.65284332771 0.268316113596 -0.551359671373 0.0 0.0 0.0 0.0 
1 10.78716 2.43003006527 -1.01221139737 -0.220072665055 0.0 0.0 0.0 0.0 
1 10.78716 -0.738847348581 3.70336051419 1.60962779151 0.0 0.0 0.0 0.0 
1 10.78716 -0.433652366831 3.75631291598 1.5981201156 0.0 0.0 0.0 0.0 
1 10.78716 2.49099955435 -0.711195986944 -0.261938413368 0.0 0.0 0.0 0.0 
1 1.008402 1.90078641782 -0.421456894241 -0.132587193827 0.0 0.0 0.0 0.0 
1 42.44334 2.3494632079 -0.848359429801 -0.224774426269 0.0 0.0 0.0 0.0 
1 42.44334 -0.597953599986 3.75620085347 1.71315305635 0.0 0.0 0.0 0.0 
1 42.44334 -0.576142648359 3.75998513022 1.71233065304 0.0 0.0 0.0 0.0 
1 42.44334 2.35382043085 -0.826847173872 -0.227766388345 0.0 0.0 0.0 0.0 
1 0.581451 1.50164390513 1.7191872705 0.223873684741 0.0 0.0 0.0 0.0 
1 42.220241 2.34522784363 -0.839745803895 -0.225021595789 0.0 0.0 0.0 0.0 
1 42.220241 -0.590546877559 3.75897864687 1.71859533401 0.0 0.0 0.0 0.0 
1 42.220241 -0.583633299821 3.76017817691 1.71833465078 0.0 0.0 0.0 0.0 
1 42.220241 2.34660898463 -0.832926905929 -0.225969980011 0.0 0.0 0.0 0.0 
1 6.000451 3.02907135038 -2.23050507819 -0.185113512227 0.0 0.0 0.0 0.0 
1 6.000451 -1.78643906278 3.31047507997 0.839883138281 0.0 0.0 0.0 0.0 
1 6.000451 0.625810098831 3.72900878611 0.748926919419 0.0 0.0 0.0 0.0 
1 6.000451 3.51097179995 0.148708915664 -0.516018744321 0.0 0.0 0.0 0.0 
1 2.956061 2.19232036232 -0.694421004236 -0.193564996398 0.0 0.0 0.0 0.0 
1 9.731111 2.32740586858 -0.787612383572 -0.216676775164 0.0 0.0 0.0 0.0 
1 0.511222 0.878076365454 1.46225968813 0.747992342782 0.0 0.0 0.0 0.0 
1 9.731111 2.29741002142 -0.79281676846 -0.215545752348 0.0 0.0 0.0 0.0 
1 1.231501 1.94589367351 0.370559923888 -0.0131370380046 0.0 0.0 0.0 0.0 
1 0.581451 -0.0904586720592 1.44295187874 0.283905472819 0.0 0.0 0.0 0.0 
1 1.414401 1.11283452275 2.89951195048 0.431306528349 0.0 0.0 0.0 0.0 
1 43.27629 2.36489025351 -0.879734015575 -0.223874126976 0.0 0.0 0.0 0.0 
1 43.27629 -0.624932116423 3.74608291725 1.69332990531 0.0 0.0 0.0 0.0 
1 43.27629 -0.54885842574 3.75928196991 1.69046147224 0.0 0.0 0.0 0.0 
1 43.27629 2.38008766609 -0.804702135653 -0.234309691706 0.0 0.0 0.0 0.0 
1 42.220241 2.33960763416 -0.824653786631 -0.22318651244 0.0 0.0 0.0 0.0 
1 34.120611 3.14493131635 -2.46613402048 -0.178352098018 0.0 0.0 0.0 0.0 
1 34.120611 -1.98905271125 3.23448750754 0.691007607422 0.0 0.0 0.0 0.0 
1 34.120611 0.830719657267 3.72372792211 0.584685326634 0.0 0.0 0.0 0.0 
1 34.120611 3.70824359507 0.3150222487 -0.565160162833 0.0 0.0 0.0 0.0 
1 1.161272 1.69824951453 0.175894262063 0.203260121794 0.0 0.0 0.0 0.0 
1 7.94811 2.86101602906 -1.88872440115 -0.194920969255 0.0 0.0 0.0 0.0 
1 7.94811 -1.49254719502 3.4206953428 1.05582766206 0.0 0.0 0.0 0.0 
1 7.94811 0.328588004924 3.73666869943 0.987159974465 0.0 0.0 0.0 0.0 
1 7.94811 3.22482831079 -0.0925292064945 -0.444738929855 0.0 0.0 0.0 0.0 
1 3.17916 2.18933488786 -0.368464612133 -0.143014828077 0.0 0.0 0.0 0.0 
1 34.770661 3.12994382596 -2.43565337534 -0.179226745526 0.0 0.0 0.0 0.0 
1 34.770661 -1.9628428804 3.24431715838 0.710265947174 0.0 0.0 0.0 0.0 
1 34.770661 0.804212830577 3.72441104762 0.605931399626 0.0 0.0 0.0 0.0 
1 34.770661 3.68272477924 0.293508178157 -0.558803294595 0.0 0.0 0.0 0.0 
1 1.161272 0.057903216374 2.7486251142 1.29272456377 0.0 0.0 0.0 0.0 
1 42.220241 2.33269405642 -0.825853316663 -0.222925829216 0.0 0.0 0.0 0.0 
1 3.108931 2.10233212236 -0.457871786682 -0.0651183500802 0.0 0.0 0.0 0.0 
1 1.414401 -1.21478480114 2.49566181856 0.519071696234 0.0 0.0 0.0 0.0 
1 9.95421 2.29410120044 -0.686508028729 -0.198908474473 0.0 0.0 0.0 0.0 
1 1.231501 1.1941852822 0.240135876504 0.0152068636322 0.0 0.0 0.0 0.0 
1 5.350401 0.913170561642 3.50564007309 0.537828811748 0.0 0.0 0.0 0.0 
1 9.883981 2.26747954249 -0.71689018018 -0.174803873266 0.0 0.0 0.0 0.0 
1 9.883981 -0.511326811583 3.64140955645 1.67078855883 0.0 0.0 0.0 0.0 
1 3.995651 -0.399646924586 3.46625002388 1.59661442505 0.0 0.0 0.0 0.0 
1 3.17916 1.89814802227 -0.418986556539 -0.13203534192 0.0 0.0 0.0 0.0 
1 42.44334 2.33173257384 -0.800747141207 -0.218985106229 0.0 0.0 0.0 0.0 
1 25.934511 -0.558227766633 3.71496934939 1.70193864152 0.0 0.0 0.0 0.0 
1 42.373111 2.32558515768 -0.808023442121 -0.213395725299 0.0 0.0 0.0 0.0 
1 5.350401 -1.79215617818 3.03625637725 0.639835807939 0.0 0.0 0.0 0.0 
1 2.064451 1.50026903828 1.72336101049 0.224607186946 0.0 0.0 0.0 0.0 
1 34.120611 0.852672232531 3.68929734625 0.570105143055 0.0 0.0 0.0 0.0 
1 36.71832 3.0882156814 -2.35078921641 -0.181661937589 0.0 0.0 0.0 0.0 
1 36.71832 -1.88986951517 3.27168485507 0.763884983058 0.0 0.0 0.0 0.0 
1 36.71832 0.730412570029 3.72631300448 0.665084678921 0.0 0.0 0.0 0.0 
1 36.71832 3.61167533679 0.23360874055 -0.541104513154 0.0 0.0 0.0 0.0 
1 14.72316 2.62276503951 -1.40418404937 -0.20882494042 0.0 0.0 0.0 0.0 
1 14.72316 -1.07589851194 3.57695392766 1.36197087771 0.0 0.0 0.0 0.0 
1 14.72316 -0.0927819191681 3.74752811116 1.32490150304 0.0 0.0 0.0 0.0 
1 14.72316 2.81916445611 -0.434531000123 -0.343685977781 0.0 0.0 0.0 0.0 
1 9.95421 2.20110239535 -0.702643648208 -0.19540186338 0.0 0.0 0.0 0.0 
1 87.632711 -0.578562124261 3.74686190116 1.71544405779 0.0 0.0 0.0 0.0 
1 42.373111 -0.569432426766 3.73254281839 1.70938041086 0.0 0.0 0.0 0.0 
1 299.551611 -0.584609041971 3.75634593009 1.71946022305 0.0 0.0 0.0 0.0 
1 42.44334 2.30992162222 -0.804531417958 -0.218162702921 0.0 0.0 0.0 0.0 
1 3.108931 -0.346179391449 3.38239116295 1.56110303564 0.0 0.0 0.0 0.0 
1 1.811322 0.878076365454 1.46225968813 0.747992342782 0.0 0.0 0.0 0.0 
1 34.120611 -1.96710013598 3.20005693168 0.676427423843 0.0 0.0 0.0 0.0 
1 1297.485611 -0.586532266033 3.75936232845 1.72073756567 0.0 0.0 0.0 0.0 
1 47.21229 2.43042526913 -1.0130151389 -0.220049601549 0.0 0.0 0.0 0.0 
1 47.21229 -0.739538473371 3.70310131697 1.60911996999 0.0 0.0 0.0 0.0 
1 47.21229 -0.432953410583 3.7562949027 1.59755987972 0.0 0.0 0.0 0.0 
1 47.21229 2.49167245783 -0.710628684256 -0.262106037084 0.0 0.0 0.0 0.0 
1 2.064451 -0.0944343958656 1.44667436091 0.284737042884 0.0 0.0 0.0 0.0 
1 4.01211 1.9094959544 0.481053981156 0.00628142954906 0.0 0.0 0.0 0.0 
1 6.000451 1.06809743813 3.0353221636 0.455174112563 0.0 0.0 0.0 0.0 
1 8588.755611 -0.587022352442 3.76013098347 1.72106306506 0.0 0.0 0.0 0.0 
1 3.758981 1.63724023497 0.271581651967 0.243780492885 0.0 0.0 0.0 0.0 
1 10.78716 2.18192990759 -0.345985008103 -0.139064213245 0.0 0.0 0.0 0.0 
1 34.770661 0.880539349287 3.60469999043 0.555237818516 0.0 0.0 0.0 0.0 
1 4.645701 -0.0158451823152 2.86429262954 1.34170584176 0.0 0.0 0.0 0.0 
1 10.534031 -0.335171487148 3.36512628721 1.5537919451 0.0 0.0 0.0 0.0 
1 10.534031 2.09132421806 -0.440606910939 -0.0578072595316 0.0 0.0 0.0 0.0 
1 43.49337 2.97217278925 -2.11478825 -0.188434027096 0.0 0.0 0.0 0.0 
1 43.49337 -1.68693596898 3.34779240091 0.912995566908 0.0 0.0 0.0 0.0 
1 43.49337 0.525179488954 3.7316022062 0.829585585493 0.0 0.0 0.0 0.0 
1 43.49337 3.41409207796 0.0670328227487 -0.49188550743 0.0 0.0 0.0 0.0 
1 3.758981 0.118912495941 2.6529377243 1.25220419268 0.0 0.0 0.0 0.0 
1 43.27629 2.30304816638 -0.713668702276 -0.203681750711 0.0 0.0 0.0 0.0 
1 4.01211 1.0889334326 0.338683500181 0.0372215436592 0.0 0.0 0.0 0.0 
1 6.000451 -1.34415172348 2.61678845746 0.546130331425 0.0 0.0 0.0 0.0 
1 26.584561 -0.487280060773 3.60369446069 1.65481749224 0.0 0.0 0.0 0.0 
1 43.023161 2.28157636893 -0.73899974347 -0.184166525023 0.0 0.0 0.0 0.0 
1 88.282761 -0.557047935738 3.71311889419 1.70115503637 0.0 0.0 0.0 0.0 
1 12.48169 2.3432622945 -0.835748389804 -0.225136302294 0.0 4.7142970273e-18 1.11755844066e-16 -4.79195850936e-17 
1 12.48169 -0.587109563596 3.76026776607 1.72112098786 0.0 2.81190434409e-16 -1.61474494411e-15 1.50792896975e-16 
1 19.25674 2.3432622945 -0.835748389804 -0.225136302294 0.0 4.04327293484e-18 9.58487293024e-17 -4.10988022892e-17 
1 19.25674 -0.587109563596 3.76026776607 1.72112098786 0.0 2.41166321596e-16 -1.3849052131e-15 1.29329322182e-16 
1 1.811322 2.3432622945 -0.835748389804 -0.225136302294 0.0 2.12023677987e-16 -1.10254523367e-16 -1.26617515642e-16 
1 1.811322 -0.587109563596 3.76026776607 1.72112098786 0.0 -1.06884938291e-16 -3.12080958963e-16 8.96885990627e-17 
1 35.30727 2.3432622945 -0.835748389804 -0.225136302294 0.0 -1.07413628094e-18 3.53084201607e-18 -3.08148362843e-16 
1 35.30727 -0.587109563596 3.76026776607 1.72112098786 0.0 -4.190004772e-16 -3.8612303542e-16 -2.35248530473e-16 
1 28.53222 2.3432622945 -0.835748389804 -0.225136302294 0.0 -1.00452897759e-18 3.30203269677e-18 -2.88179410161e-16 
1 28.53222 -0.587109563596 3.76026776607 1.72112098786 0.0 -3.91847969798e-16 -3.61101086406e-16 -2.20003709017e-16 
1 10.534031 2.3432622945 -0.835748389804 -0.225136302294 0.0 1.43424481917e-16 2.04033115045e-17 1.86716831484e-16 
1 10.534031 -0.587109563596 3.76026776607 1.72112098786 0.0 3.11767776188e-16 7.53537284279e-17 2.06629870163e-16 
1 6.59336 2.3432622945 -0.835748389804 -0.225136302294 0.0 -4.83835293476e-19 1.5904369058e-18 -1.38802735012e-16 
1 6.59336 -0.587109563596 3.76026776607 1.72112098786 0.0 -1.88735100425e-16 -1.73925744317e-16 -1.05965643095e-16 
1 0.511222 2.3432622945 -0.835748389804 -0.225136302294 0.0 -2.72202665277e-17 1.93261465371e-17 1.44351652278e-17 
1 0.511222 -0.587109563596 3.76026776607 1.72112098786 0.0 3.57321220815e-17 3.45726209688e-17 -3.14504565777e-17 
1 51.74587 2.3432622945 -0.835748389804 -0.225136302294 0.0 1.46547111324e-18 3.4740059921e-17 -1.48961271015e-17 
1 51.74587 -0.587109563596 3.76026776607 1.72112098786 0.0 8.74099481978e-17 -5.01954386229e-16 4.68749918215e-17 
1 1.161272 2.3432622945 -0.835748389804 -0.225136302294 0.0 5.33415582584e-17 -3.27070777738e-17 5.90091041361e-17 
1 1.161272 -0.587109563596 3.76026776607 1.72112098786 0.0 -2.43451016668e-17 1.36156782904e-16 -5.67884628266e-18 
1 67.7964 2.3432622945 -0.835748389804 -0.225136302294 0.0 -5.44821228551e-19 1.790906535e-18 -1.56298388388e-16 
1 67.7964 -0.587109563596 3.76026776607 1.72112098786 0.0 -2.1252457328e-16 -1.9584854386e-16 -1.19322283086e-16 
1 13.36841 2.3432622945 -0.835748389804 -0.225136302294 0.0 -3.15754878023e-19 1.0379321599e-18 -9.05838024923e-17 
1 13.36841 -0.587109563596 3.76026776607 1.72112098786 0.0 -1.23170073405e-16 -1.13505366232e-16 -6.91540471751e-17 
1 26.584561 2.3432622945 -0.835748389804 -0.225136302294 0.0 1.21443112178e-16 -2.81797778794e-17 -3.59035675531e-17 
1 26.584561 -0.587109563596 3.76026776607 1.72112098786 0.0 -9.98377329799e-17 3.26139613311e-16 -3.17861443172e-17 
1 4.645701 2.3432622945 -0.835748389804 -0.225136302294 0.0 7.7349485077e-17 -1.79482497563e-17 -2.28676819365e-17 
1 4.645701 -0.587109563596 3.76026776607 1.72112098786 0.0 -6.35885979761e-17 2.07724676191e-16 -2.02452148288e-17 
1 97.00547 2.3432622945 -0.835748389804 -0.225136302294 0.0 -3.9521870449e-19 1.29914130275e-18 -1.13380395872e-16 
1 97.00547 -0.587109563596 3.76026776607 1.72112098786 0.0 -1.54167426162e-16 -1.42070469586e-16 -8.65575635946e-17 
1 90.23042 2.3432622945 -0.835748389804 -0.225136302294 0.0 -3.21111045262e-19 1.05553865981e-18 -9.21203804808e-17 
1 90.23042 -0.587109563596 3.76026776607 1.72112098786 0.0 -1.25259414086e-16 -1.15430763958e-16 -7.03271110538e-17 
1 129.4946 2.3432622945 -0.835748389804 -0.225136302294 0.0 -2.88349488864e-19 9.47846664024e-19 -8.27217407109e-17 
1 129.4946 -0.587109563596 3.76026776607 1.72112098786 0.0 -1.12479743566e-16 -1.0365386765e-16 -6.3151943307e-17 
1 51.74587 2.3432622945 -0.835748389804 -0.225136302294 0.0 5.62903272304e-19 1.3344031986e-17 -5.72176320254e-18 
1 51.74587 -0.587109563596 3.76026776607 1.72112098786 0.0 3.35751045709e-17 -1.92806097646e-16 1.80051903086e-17 
1 9.883981 2.3432622945 -0.835748389804 -0.225136302294 0.0 -2.60259064777e-17 1.0337907393e-17 1.09009792371e-17 
1 9.883981 -0.587109563596 3.76026776607 1.72112098786 0.0 3.81049672577e-17 -9.8788373913e-17 2.50889042819e-17 
1 44.97082 2.3432622945 -0.835748389804 -0.225136302294 0.0 4.89500532506e-19 1.16039665859e-17 -4.97564372482e-18 
1 44.97082 -0.587109563596 3.76026776607 1.72112098786 0.0 2.91969018036e-17 -1.67664130076e-16 1.56573085956e-17 
1 84.235 2.3432622945 -0.835748389804 -0.225136302294 0.0 3.36785989415e-19 7.98375713252e-18 -3.42334069844e-18 
1 84.235 -0.587109563596 3.76026776607 1.72112098786 0.0 2.00880424204e-17 -1.15356217588e-16 1.07725361195e-17 
1 45.85754 2.3432622945 -0.835748389804 -0.225136302294 0.0 -8.96512195121e-20 2.94696583909e-19 -2.57191540866e-17 
1 45.85754 -0.587109563596 3.76026776607 1.72112098786 0.0 -3.49712642834e-17 -3.22271965125e-17 -1.96346758038e-17 
1 3.995651 2.3432622945 -0.835748389804 -0.225136302294 0.0 -7.29863047641e-18 -9.93906132487e-19 -1.08885240268e-17 
1 3.995651 -0.587109563596 3.76026776607 1.72112098786 0.0 -2.18454846169e-17 4.19526402033e-18 -1.16134473239e-17 
1 88.282761 2.3432622945 -0.835748389804 -0.225136302294 0.0 3.69689115397e-17 -8.57830219392e-18 -1.09295273238e-17 
1 88.282761 -0.587109563596 3.76026776607 1.72112098786 0.0 -3.03919444476e-17 9.92812708591e-17 -9.67612848829e-18 
1 25.934511 2.3432622945 -0.835748389804 -0.225136302294 0.0 -1.01028652324e-17 -1.37577861253e-18 -1.50720455266e-17 
1 25.934511 -0.587109563596 3.76026776607 1.72112098786 0.0 -3.02388218905e-17 5.80714246991e-18 -1.60754943789e-17 
1 308.92437 2.3432622945 -0.835748389804 -0.225136302294 0.0 -9.20898777171e-20 3.0271280774e-19 -2.64187566852e-17 
1 308.92437 -0.587109563596 3.76026776607 1.72112098786 0.0 -3.59225392471e-17 -3.31038283936e-17 -2.01687707499e-17 
1 43.023161 2.3432622945 -0.835748389804 -0.225136302294 0.0 1.31373934636e-17 1.86890220981e-18 1.71028854259e-17 
1 43.023161 -0.587109563596 3.76026776607 1.72112098786 0.0 2.85572999137e-17 6.9022496444e-18 1.89268796331e-17 
1 341.4135 2.3432622945 -0.835748389804 -0.225136302294 0.0 -8.11559762035e-20 2.66771484885e-19 -2.32820375271e-17 
1 341.4135 -0.587109563596 3.76026776607 1.72112098786 0.0 -3.1657428727e-17 -2.91733855659e-17 -1.77741171951e-17 
1 302.14932 2.3432622945 -0.835748389804 -0.225136302294 0.0 -7.11568891904e-20 2.33903033111e-19 -2.04134980804e-17 
1 302.14932 -0.587109563596 3.76026776607 1.72112098786 0.0 -2.77569718628e-17 -2.55789833495e-17 -1.55841990557e-17 
1 0.358352 0.647339800678 2.77499192918 1.06489890899 0.0 0.0 0.0 0.0 
1 1.008402 -0.148427967778 3.41013402308 1.48792183275 0.0 0.0 0.0 0.0 
1 87.632711 2.3432622945 -0.835748389804 -0.225136302294 0.0 -3.02250178517e-18 -4.11595445124e-19 -4.50914502593e-18 
1 87.632711 -0.587109563596 3.76026776607 1.72112098786 0.0 -9.04663093519e-18 1.73733867356e-18 -4.80934955976e-18 
1 2.956061 -0.437461975611 3.64082653441 1.6415696882 0.0 0.0 0.0 0.0 
1 300.201661 2.3432622945 -0.835748389804 -0.225136302294 0.0 8.06733017294e-18 -1.87195114054e-18 -2.38503385365e-18 
1 300.201661 -0.587109563596 3.76026776607 1.72112098786 0.0 -6.63210898684e-18 2.16650898999e-17 -2.11151803122e-18 
1 42.373111 2.3432622945 -0.835748389804 -0.225136302294 0.0 -2.27112510002e-18 9.02127308502e-19 9.51263218496e-19 
1 42.373111 -0.587109563596 3.76026776607 1.72112098786 0.0 3.32519244425e-18 -8.62067016864e-18 2.18935852611e-18 
1 5.70664 2.3432622945 -0.835748389804 -0.225136302294 0.0 -1.47274873098e-20 -3.49125811492e-19 1.49701021651e-19 
1 5.70664 -0.587109563596 3.76026776607 1.72112098786 0.0 -8.78440312609e-19 5.04447121918e-18 -4.71077758517e-19 
1 0.511222 0.878076365454 1.46225968813 0.747992342782 0.0 0.0 0.0 0.0 
1 0.358352 0.484616819111 1.9716044345 1.17663544302 0.0 0.0 0.0 0.0 
1 1306.85837 2.3432622945 -0.835748389804 -0.225136302294 0.0 -1.32997566418e-20 4.37182323953e-20 -3.81543600015e-18 
1 1306.85837 -0.587109563596 3.76026776607 1.72112098786 0.0 -5.18798636489e-18 -4.78090396535e-18 -2.91280376722e-18 
1 1339.3475 2.3432622945 -0.835748389804 -0.225136302294 0.0 -1.26390978653e-20 4.15465510104e-20 -3.62590612022e-18 
1 1339.3475 -0.587109563596 3.76026776607 1.72112098786 0.0 -4.9302757303e-18 -4.54341494587e-18 -2.76811169316e-18 
1 12.48169 2.3432622945 -0.835748389804 -0.225136302294 0.0 -8.90966207757e-21 -2.1121002772e-19 9.05643635963e-20 
1 12.48169 -0.587109563596 3.76026776607 1.72112098786 0.0 -5.31428489873e-19 3.05174487525e-18 -2.84987082479e-19 
1 3.758981 2.3432622945 -0.835748389804 -0.225136302294 0.0 -5.74072245383e-19 -8.16664957898e-20 -7.47354630592e-19 
1 3.758981 -0.587109563596 3.76026776607 1.72112098786 0.0 -1.24788477478e-18 -3.01611576339e-19 -8.27058755538e-19 
1 1300.08332 2.3432622945 -0.835748389804 -0.225136302294 0.0 -1.01035859533e-20 3.32119549724e-20 -2.89851811692e-18 
1 1300.08332 -0.587109563596 3.76026776607 1.72112098786 0.0 -3.94121994665e-18 -3.63196676821e-18 -2.21280464145e-18 
1 9.731111 -0.541650478956 3.72398459484 1.69695535102 0.0 0.0 0.0 0.0 
1 0.581451 1.82574196944 1.83445016486 0.438471010603 0.0 0.0 0.0 0.0 
1 1.008402 -0.206254217517 3.12463725146 1.52762922171 0.0 0.0 0.0 0.0 
1 299.551611 2.3432622945 -0.835748389804 -0.225136302294 0.0 -6.56132432216e-19 -8.9350193877e-20 -9.78856756212e-19 
1 299.551611 -0.587109563596 3.76026776607 1.72112098786 0.0 -1.963865824e-18 3.77145930918e-19 -1.04402592564e-18 
1 2.956061 -0.457188262007 3.54343493272 1.65511508204 0.0 0.0 0.0 0.0 
1 1298.135661 2.3432622945 -0.835748389804 -0.225136302294 0.0 1.13980614525e-18 -2.6448172665e-19 -3.36973470125e-19 
1 1298.135661 -0.587109563596 3.76026776607 1.72112098786 0.0 -9.37028535725e-19 3.0609882174e-18 -2.98329332777e-19 
1 1.161272 0.057903216374 2.7486251142 1.29272456377 0.0 0.0 0.0 0.0 
1 3.108931 2.3432622945 -0.835748389804 -0.225136302294 0.0 1.1818040736e-19 -4.6943152893e-20 -4.94999921702e-20 
1 3.108931 -0.587109563596 3.76026776607 1.72112098786 0.0 -1.73029921429e-19 4.48585730587e-19 -1.1392559682e-19 
1 44.97082 2.3432622945 -0.835748389804 -0.225136302294 0.0 -2.40846837466e-21 -5.709449671e-20 2.44814453897e-20 
1 44.97082 -0.587109563596 3.76026776607 1.72112098786 0.0 -1.43656257679e-19 8.24950593589e-19 -7.7037980718e-20 
1 1.161272 1.69824951453 0.175894262063 0.203260121794 0.0 0.0 0.0 0.0 
1 42.220241 -0.576631949349 3.75190505761 1.71555118321 0.0 0.0 0.0 0.0 
1 9.731111 -0.547642816921 3.69439953353 1.70107009295 0.0 0.0 0.0 0.0 
1 3.108931 -0.346179391449 3.38239116295 1.56110303564 0.0 0.0 0.0 0.0 
1 8598.12837 2.3432622945 -0.835748389804 -0.225136302294 0.0 -1.0991326229e-21 3.6130086238e-21 -3.15319316834e-19 
1 8598.12837 -0.587109563596 3.76026776607 1.72112098786 0.0 -4.28751082775e-19 -3.95108546479e-19 -2.40723024555e-19 
1 8630.6175 2.3432622945 -0.835748389804 -0.225136302294 0.0 -1.06647157216e-21 3.50564700471e-21 -3.05949510142e-19 
1 8630.6175 -0.587109563596 3.76026776607 1.72112098786 0.0 -4.16010617632e-19 -3.83367779245e-19 -2.33569868734e-19 
1 1297.485611 2.3432622945 -0.835748389804 -0.225136302294 0.0 -9.25483683886e-20 -1.26029658839e-20 -1.38069071464e-19 
1 1297.485611 -0.587109563596 3.76026776607 1.72112098786 0.0 -2.7700593481e-19 5.31969444537e-20 -1.47261271093e-19 
1 1.414401 2.94042687435 0.944764338661 -0.154085368583 0.0 0.0 0.0 0.0 
1 8591.35332 2.3432622945 -0.835748389804 -0.225136302294 0.0 -8.31317555617e-22 2.73266158695e-21 -2.3848849379e-19 
1 8591.35332 -0.587109563596 3.76026776607 1.72112098786 0.0 -3.24281433082e-19 -2.98836249803e-19 -1.82068362074e-19 
1 1.231501 0.552113982903 2.85099642156 1.1155200895 0.0 0.0 0.0 0.0 
1 0.581451 1.50768405075 0.264151046694 0.656870950876 0.0 0.0 0.0 0.0 
1 42.220241 -0.57801309035 3.74508615964 1.71649956744 0.0 0.0 0.0 0.0 
1 9.883981 -0.511326811583 3.64140955645 1.67078855883 0.0 0.0 0.0 0.0 
1 8589.405661 2.3432622945 -0.835748389804 -0.225136302294 0.0 9.36633669642e-20 -2.17337387782e-20 -2.7690734886e-20 
1 8589.405661 -0.587109563596 3.76026776607 1.72112098786 0.0 -7.70001530203e-20 2.51536161543e-19 -2.45151597827e-20 
1 9.883981 2.26747954249 -0.71689018018 -0.174803873266 0.0 0.0 0.0 0.0 
1 3.17916 -0.145812196764 3.40804624528 1.48653131262 0.0 0.0 0.0 0.0 
1 3.995651 2.15579965549 -0.541730647609 -0.100629739485 0.0 0.0 0.0 0.0 
1 25.934511 2.31438049754 -0.790449973126 -0.205953955952 0.0 0.0 0.0 0.0 
1 8588.755611 2.3432622945 -0.835748389804 -0.225136302294 0.0 -7.60191267688e-21 -1.03520621473e-21 -1.13409781601e-20 
1 8588.755611 -0.587109563596 3.76026776607 1.72112098786 0.0 -2.27532366488e-20 4.3695910955e-21 -1.20960244144e-20 
1 42.373111 -0.569432426766 3.73254281839 1.70938041086 0.0 0.0 0.0 0.0 
1 5.350401 3.5128472263 0.487886999146 -0.458378832705 0.0 0.0 0.0 0.0 
1 9.95421 -0.446168701715 3.64777580839 1.64619810478 0.0 0.0 0.0 0.0 
1 87.632711 2.33471485517 -0.822342524891 -0.219459372224 0.0 0.0 0.0 0.0 
1 1.414401 2.47543311813 -1.35097880259 0.165210591741 0.0 0.0 0.0 0.0 
1 42.373111 2.32558515768 -0.808023442121 -0.213395725299 0.0 0.0 0.0 0.0 
1 1.231501 0.401943504047 2.10958249452 1.21863723165 0.0 0.0 0.0 0.0 
1 42.44334 -0.554054791357 3.73388509755 1.70354937092 0.0 0.0 0.0 0.0 
1 299.551611 2.34076177288 -0.831826553825 -0.223475537491 0.0 0.0 0.0 0.0 
1 3.108931 2.10233212236 -0.457871786682 -0.0651183500802 0.0 0.0 0.0 0.0 
1 1.811322 0.878076365454 1.46225968813 0.747992342782 0.0 0.0 0.0 0.0 
1 34.120611 3.68629101981 0.349452824565 -0.550579979255 0.0 0.0 0.0 0.0 
1 3.17916 -0.203983252918 3.12084711326 1.52647546884 0.0 0.0 0.0 0.0 
1 5.350401 2.97239800865 -2.18039094649 -0.0872700820103 0.0 0.0 0.0 0.0 
1 1297.485611 2.34268499694 -0.834842952182 -0.224752880105 0.0 0.0 0.0 0.0 
1 2.064451 1.82968360097 1.83130415142 0.436375675057 0.0 0.0 0.0 0.0 
1 9.95421 -0.464747282525 3.5560505994 1.65895540684 0.0 0.0 0.0 0.0 
1 8588.755611 2.34317508335 -0.835611607208 -0.225078379494 0.0 0.0 0.0 0.0 
1 34.120611 3.12297874108 -2.43170344461 -0.16377191444 0.0 0.0 0.0 0.0 
1 42.44334 -0.558412014302 3.71237284162 1.706541333 0.0 0.0 0.0 0.0 
1 3.758981 0.118912495941 2.6529377243 1.25220419268 0.0 0.0 0.0 0.0 
1 4.645701 1.77199791322 0.0602267467245 0.154278843807 0.0 0.0 0.0 0.0 
1 10.534031 2.09132421806 -0.440606910939 -0.0578072595316 0.0 0.0 0.0 0.0 
1 10.534031 -0.335171487148 3.36512628721 1.5537919451 0.0 0.0 0.0 0.0 
1 3.758981 1.63724023497 0.271581651967 0.243780492885 0.0 0.0 0.0 0.0 
1 2.064451 1.51110610322 0.258439794393 0.655132393225 0.0 0.0 0.0 0.0 
1 4.01211 0.656463285946 2.76771001884 1.06004894702 0.0 0.0 0.0 0.0 
1 6.000451 3.06868446065 0.842395538177 -0.222265937465 0.0 0.0 0.0 0.0 
1 26.584561 2.24343279168 -0.679175084428 -0.15883280668 0.0 0.0 0.0 0.0 
1 43.023161 -0.525423638022 3.66351911974 1.68015121059 0.0 0.0 0.0 0.0 
1 88.282761 2.31320066665 -0.788599517922 -0.205170350802 0.0 0.0 0.0 0.0 
2 5.70664 2.3432622945 -0.835748389804 -0.225136302294 0.357514754922 0.0 0.0 0.0 2.39668682182e-17 1.06388824915e-17 -3.42739281898e-17 0.0104414843914 0.0104414843914 0.0104414843914 
2 5.70664 -0.587109563596 3.76026776607 1.72112098786 0.357514754922 0.0 0.0 0.0 1.8055100186e-18 -3.9658344122e-17 8.19598253053e-18 0.0104414843914 0.0104414843914 0.0104414843914 
2 12.48169 2.3432622945 -0.835748389804 -0.225136302294 0.432570144127 0.0 0.0 0.0 1.32580893983e-17 5.88526018024e-18 -1.89597906507e-17 0.00577606269833 0.00577606269833 0.00577606269833 
2 12.48169 -0.587109563596 3.76026776607 1.72112098786 0.432570144127 0.0 0.0 0.0 9.98779357326e-19 -2.19383637015e-17 4.53388686861e-18 0.00577606269833 0.00577606269833 0.00577606269833 
2 3.758981 2.3432622945 -0.835748389804 -0.225136302294 0.493834088599 0.0 0.0 0.0 -4.78533281819e-18 -1.36030488634e-18 2.49753490625e-18 0.0218957428711 0.0218957428711 0.0218957428711 
2 3.758981 -0.587109563596 3.76026776607 1.72112098786 0.493834088599 0.0 0.0 0.0 -7.92600899316e-18 -1.31396416335e-17 6.00203259089e-18 0.0218957428711 0.0218957428711 0.0218957428711 
2 19.25674 2.3432622945 -0.835748389804 -0.225136302294 0.185499465354 0.0 0.0 0.0 3.6851713783e-18 1.63584598946e-18 -5.269995981e-18 0.00160549384574 0.00160549384574 0.00160549384574 
2 19.25674 -0.587109563596 3.76026776607 1.72112098786 0.185499465354 0.0 0.0 0.0 2.77617158121e-19 -6.09790955325e-18 1.26022306976e-18 0.00160549384574 0.00160549384574 0.00160549384574 
2 1.811322 2.3432622945 -0.835748389804 -0.225136302294 0.233116112437 0.0 0.0 0.0 -5.86108439029e-17 -2.45206327162e-17 7.5302173316e-17 0.0214499053212 0.0214499053212 0.0214499053212 
2 1.811322 -0.587109563596 3.76026776607 1.72112098786 0.233116112437 0.0 0.0 0.0 -1.92382947733e-17 5.57258105719e-17 -5.07733824246e-18 0.0214499053212 0.0214499053212 0.0214499053212 
2 10.534031 2.3432622945 -0.835748389804 -0.225136302294 0.233175058847 0.0 0.0 0.0 -8.0628525261e-19 -2.29199056905e-19 4.20812018578e-19 0.00368923442582 0.00368923442582 0.00368923442582 
2 10.534031 -0.587109563596 3.76026776607 1.72112098786 0.233175058847 0.0 0.0 0.0 -1.33546075185e-18 -2.21391064659e-18 1.01128814809e-18 0.00368923442582 0.00368923442582 0.00368923442582 
2 3.108931 2.3432622945 -0.835748389804 -0.225136302294 0.105786128895 0.0 0.0 0.0 1.42199325677e-17 5.94647502456e-18 -1.30232255056e-17 0.00567108806289 0.00567108806289 0.00567108806289 
2 3.108931 -0.587109563596 3.76026776607 1.72112098786 0.105786128895 0.0 0.0 0.0 9.87297895913e-19 -1.6825046716e-17 2.30424230801e-18 0.00567108806289 0.00567108806289 0.00567108806289 
2 1.161272 2.3432622945 -0.835748389804 -0.225136302294 0.128840561089 0.0 0.0 0.0 -1.19417969107e-19 -6.00446117927e-19 2.03425910368e-17 0.0184912982042 0.0184912982042 0.0184912982042 
2 1.161272 -0.587109563596 3.76026776607 1.72112098786 0.128840561089 0.0 0.0 0.0 -6.67188908434e-18 4.27593881623e-18 -1.93255369591e-18 0.0184912982042 0.0184912982042 0.0184912982042 
2 51.74587 2.3432622945 -0.835748389804 -0.225136302294 0.134467354729 0.0 0.0 0.0 9.94120345863e-19 4.41289593857e-19 -1.42164629254e-18 0.000433101729435 0.000433101729435 0.000433101729435 
2 51.74587 -0.587109563596 3.76026776607 1.72112098786 0.134467354729 0.0 0.0 0.0 7.4890646029e-20 -1.64498617074e-18 3.39960687135e-19 0.000433101729435 0.000433101729435 0.000433101729435 
2 44.97082 2.3432622945 -0.835748389804 -0.225136302294 0.116932775102 0.0 0.0 0.0 9.94725483295e-19 4.41558214103e-19 -1.42251167206e-18 0.000433365365593 0.000433365365593 0.000433365365593 
2 44.97082 -0.587109563596 3.76026776607 1.72112098786 0.116932775102 0.0 0.0 0.0 7.4936233199e-20 -1.64598750092e-18 3.40167626806e-19 0.000433365365593 0.000433365365593 0.000433365365593 
2 0.511222 2.3432622945 -0.835748389804 -0.225136302294 0.0259260075955 0.0 0.0 0.0 2.29863335422e-17 9.11339101561e-18 -1.10756593019e-17 0.00845229913014 0.00845229913014 0.00845229913014 
2 0.511222 -0.587109563596 3.76026776607 1.72112098786 0.0259260075955 0.0 0.0 0.0 1.48142959095e-18 -1.80496325937e-17 2.33991326601e-19 0.00845229913014 0.00845229913014 0.00845229913014 
2 84.235 2.3432622945 -0.835748389804 -0.225136302294 0.0402260240209 0.0 0.0 0.0 1.82688967933e-19 8.10955542726e-20 -2.61255184074e-19 7.95908747767e-05 7.95908747767e-05 7.95908747767e-05 
2 84.235 -0.587109563596 3.76026776607 1.72112098786 0.0402260240209 0.0 0.0 0.0 1.37626142427e-20 -3.02298234864e-19 6.2474394905e-20 7.95908747767e-05 7.95908747767e-05 7.95908747767e-05 
2 9.883981 2.3432622945 -0.835748389804 -0.225136302294 0.0440284501141 0.0 0.0 0.0 1.86157865716e-18 7.78472818938e-19 -1.70491375632e-18 0.000742420996056 0.000742420996056 0.000742420996056 
2 9.883981 -0.587109563596 3.76026776607 1.72112098786 0.0440284501141 0.0 0.0 0.0 1.29250450559e-19 -2.20262281296e-18 3.01656022706e-19 0.000742420996056 0.000742420996056 0.000742420996056 
2 43.023161 2.3432622945 -0.835748389804 -0.225136302294 0.0556046999174 0.0 0.0 0.0 -4.70771755593e-20 -1.33824154727e-20 2.45702637025e-20 0.000215406068983 0.000215406068983 0.000215406068983 
2 43.023161 -0.587109563596 3.76026776607 1.72112098786 0.0556046999174 0.0 0.0 0.0 -7.79745382468e-20 -1.29265244335e-19 5.9046831794e-20 0.000215406068983 0.000215406068983 0.000215406068983 
2 42.373111 2.3432622945 -0.835748389804 -0.225136302294 0.0100025810434 0.0 0.0 0.0 9.86510298642e-20 4.12537740557e-20 -9.0348853777e-20 3.93432722125e-05 3.93432722125e-05 3.93432722125e-05 
2 42.373111 -0.587109563596 3.76026776607 1.72112098786 0.0100025810434 0.0 0.0 0.0 6.84939634917e-21 -1.16724054643e-19 1.5985721146e-20 3.93432722125e-05 3.93432722125e-05 3.93432722125e-05 
2 0.511222 0.878076365454 1.46225968813 0.747992342782 0.0 0.0 0.0 0.0 0.0 0.0 0.0 0.0 0.0 0.0 
2 1.161272 0.057903216374 2.7486251142 1.29272456377 0.0 0.0 0.0 0.0 0.0 0.0 0.0 0.0 0.0 0.0 
2 1.161272 1.69824951453 0.175894262063 0.203260121794 0.0 0.0 0.0 0.0 0.0 0.0 0.0 0.0 0.0 0.0 
2 3.108931 -0.346179391449 3.38239116295 1.56110303564 0.0 0.0 0.0 0.0 0.0 0.0 0.0 0.0 0.0 0.0 
2 3.108931 2.10233212236 -0.457871786682 -0.0651183500802 0.0 0.0 0.0 0.0 0.0 0.0 0.0 0.0 0.0 0.0 
2 9.883981 -0.511326811583 3.64140955645 1.67078855883 0.0 0.0 0.0 0.0 0.0 0.0 0.0 0.0 0.0 0.0 
2 9.883981 2.26747954249 -0.71689018018 -0.174803873266 0.0 0.0 0.0 0.0 0.0 0.0 0.0 0.0 0.0 0.0 
2 42.373111 -0.569432426766 3.73254281839 1.70938041086 0.0 0.0 0.0 0.0 0.0 0.0 0.0 0.0 0.0 0.0 
2 42.373111 2.32558515768 -0.808023442121 -0.213395725299 0.0 0.0 0.0 0.0 0.0 0.0 0.0 0.0 0.0 0.0 
2 1.811322 0.878076365454 1.46225968813 0.747992342782 0.0 0.0 0.0 0.0 0.0 0.0 0.0 0.0 0.0 0.0 
2 3.758981 0.118912495941 2.6529377243 1.25220419268 0.0 0.0 0.0 0.0 0.0 0.0 0.0 0.0 0.0 0.0 
2 3.758981 1.63724023497 0.271581651967 0.243780492885 0.0 0.0 0.0 0.0 0.0 0.0 0.0 0.0 0.0 0.0 
2 10.534031 -0.335171487148 3.36512628721 1.5537919451 0.0 0.0 0.0 0.0 0.0 0.0 0.0 0.0 0.0 0.0 
2 10.534031 2.09132421806 -0.440606910939 -0.0578072595316 0.0 0.0 0.0 0.0 0.0 0.0 0.0 0.0 0.0 0.0 
2 43.023161 -0.525423638022 3.66351911974 1.68015121059 0.0 0.0 0.0 0.0 0.0 0.0 0.0 0.0 0.0 0.0 
2 43.023161 2.28157636893 -0.73899974347 -0.184166525023 0.0 0.0 0.0 0.0 0.0 0.0 0.0 0.0 0.0 0.0 
