1013

0 19.25674 2.3432622945 -0.835748389804 -0.225136302294 0.566330330897 
0 19.25674 -0.587109563596 3.76026776607 1.72112098786 0.563993783047 
0 1.811322 2.3432622945 -0.835748389804 -0.225136302294 12.5893770676 
0 1.811322 -0.587109563596 3.76026776607 1.72112098786 12.5084259976 
0 35.30727 2.3432622945 -0.835748389804 -0.225136302294 0.250228126498 
0 35.30727 -0.587109563596 3.76026776607 1.72112098786 0.249286970598 
0 51.3578 2.3432622945 -0.835748389804 -0.225136302294 0.150031279746 
0 51.3578 -0.587109563596 3.76026776607 1.72112098786 0.149494802295 
0 0.65168 3.71854639251 0.323708196837 -0.567726642651 35.0376415142 
0 0.65168 3.15098226631 -2.47844007397 -0.177998973635 33.0930757266 
0 0.65168 0.841421347655 3.72345212155 0.57610757805 36.6241651695 
0 0.65168 -1.9996344945 3.23051894951 0.683232373071 34.510627662 
0 2.31758 3.71854639251 0.323708196837 -0.567726642651 5.58649596369 
0 2.31758 3.15098226631 -2.47844007397 -0.177998973635 5.29635813194 
0 2.31758 0.841421347655 3.72345212155 0.57610757805 5.82317630902 
0 2.31758 -1.9996344945 3.23051894951 0.683232373071 5.50772913507 
0 0.511222 2.3432622945 -0.835748389804 -0.225136302294 61.7166882177 
0 0.511222 -0.587109563596 3.76026776607 1.72112098786 61.1784839389 
0 1.161272 2.3432622945 -0.835748389804 -0.225136302294 22.1689155258 
0 1.161272 -0.587109563596 3.76026776607 1.72112098786 22.0112918016 
0 1.48463 3.71854639251 0.323708196837 -0.567726642651 10.734136272 
0 1.48463 3.15098226631 -2.47844007397 -0.177998973635 10.1683066367 
0 1.48463 0.841421347655 3.72345212155 0.57610757805 11.1957404234 
0 1.48463 -1.9996344945 3.23051894951 0.683232373071 10.5805654059 
0 10.534031 2.3432622945 -0.835748389804 -0.225136302294 1.26392955863 
0 10.534031 -0.587109563596 3.76026776607 1.72112098786 1.25815471518 
0 0.205482 3.71854639251 0.323708196837 -0.567726642651 167.252927623 
0 0.205482 3.15098226631 -2.47844007397 -0.177998973635 156.374396935 
0 0.205482 0.841421347655 3.72345212155 0.57610757805 176.01134024 
0 0.205482 -1.9996344945 3.23051894951 0.683232373071 164.359432375 
0 0.428581 3.71854639251 0.323708196837 -0.567726642651 62.7079562812 
0 0.428581 3.15098226631 -2.47844007397 -0.177998973635 59.0653171599 
0 0.428581 0.841421347655 3.72345212155 0.57610757805 65.6786735563 
0 0.428581 -1.9996344945 3.23051894951 0.683232373071 61.7230270925 
0 0.581451 2.79590142594 -1.75629828716 -0.198720960037 46.759058254 
0 0.581451 -1.37867604725 3.46340121259 1.13949738373 47.773393968 
0 0.581451 0.213426529939 3.73963660435 1.07946559565 49.0966484036 
0 0.581451 3.11395934463 -0.185999168991 -0.417120900311 48.3405941249 
0 0.358352 2.57483894992 -1.30671488733 -0.211621835279 92.4045470645 
0 0.358352 -0.992086301345 3.60838659013 1.42355403087 93.2297500143 
0 0.358352 -0.177543845104 3.74971256857 1.39284090923 94.5459152397 
0 0.358352 2.73756193149 -0.503327392661 -0.323358369308 94.2830425452 
0 0.205482 3.43476432941 -1.07736593857 -0.372862808143 174.203704705 
0 0.205482 -0.579106573423 3.47698553553 0.62966997556 183.374227896 
0 13.36841 2.3432622945 -0.835748389804 -0.225136302294 0.921354890797 
0 13.36841 -0.587109563596 3.76026776607 1.72112098786 0.917315458191 
0 1.231501 2.55697505285 -1.27038438147 -0.212664345576 19.5834352397 
0 1.231501 -0.960846266599 3.62010275249 1.44650844086 19.6941575446 
0 1.231501 -0.209137875289 3.75052679987 1.41816453922 19.8841645893 
0 1.231501 2.7071455317 -0.52897045443 -0.315781487723 19.8591305025 
0 1.261531 3.71854639251 0.323708196837 -0.567726642651 13.6056161526 
0 1.261531 3.15098226631 -2.47844007397 -0.177998973635 12.8832760836 
0 1.261531 0.841421347655 3.72345212155 0.57610757805 14.1949173608 
0 1.261531 -1.9996344945 3.23051894951 0.683232373071 13.4095963737 
0 113.056 2.3432622945 -0.835748389804 -0.225136302294 0.0501027585905 
0 113.056 -0.587109563596 3.76026776607 1.72112098786 0.0499385013157 
0 1.008402 2.42555681358 -1.00311397052 -0.220333717329 26.2609455498 
0 1.008402 -0.731024613274 3.70629432774 1.61537574521 26.208477396 
0 1.008402 -0.441563745209 3.75651680551 1.60446133949 26.3030213435 
0 1.008402 2.48338306332 -0.717617198902 -0.260041106289 26.4142943354 
0 0.428581 3.28704080808 -1.80669887338 -0.271425911465 65.5220049982 
0 0.428581 3.58248785074 -0.348033003755 -0.47429970482 67.4656586778 
0 0.428581 -1.31856622904 3.34868668683 0.657552026613 68.414545264 
0 0.428581 0.160353082195 3.60528438423 0.601787924508 70.5818615325 
0 97.00547 2.3432622945 -0.835748389804 -0.225136302294 0.0621193194885 
0 97.00547 -0.587109563596 3.76026776607 1.72112098786 0.0619126529532 
0 1.414401 3.00501085529 -2.18157230869 -0.18651764671 12.1380396848 
0 1.414401 -1.74436253831 3.32625532466 0.870799934685 12.5202891697 
0 1.414401 0.583256785585 3.73010545657 0.783034766799 13.0519812253 
0 1.414401 3.47000461152 0.114170832562 -0.505813607034 12.6805076021 
0 26.584561 2.3432622945 -0.835748389804 -0.225136302294 0.367302757029 
0 26.584561 -0.587109563596 3.76026776607 1.72112098786 0.365862267735 
0 9.883981 2.3432622945 -0.835748389804 -0.225136302294 1.37512031662 
0 9.883981 -0.587109563596 3.76026776607 1.72112098786 1.36876654244 
0 4.645701 2.3432622945 -0.835748389804 -0.225136302294 3.71402540211 
0 4.645701 -0.587109563596 3.76026776607 1.72112098786 3.69431001208 
0 0.65168 3.43476432941 -1.07736593857 -0.372862808143 39.8649141381 
0 0.65168 -0.579106573423 3.47698553553 0.62966997556 41.5058218516 
0 0.205482 2.27998387008 2.02358015919 0.00419046769967 170.907289467 
0 29.41894 2.3432622945 -0.835748389804 -0.225136302294 0.320371098778 
0 29.41894 -0.587109563596 3.76026776607 1.72112098786 0.319133684529 
0 174.7542 2.3432622945 -0.835748389804 -0.225136302294 0.0270335298709 
0 174.7542 -0.587109563596 3.76026776607 1.72112098786 0.0269480576956 
0 51.74587 2.3432622945 -0.835748389804 -0.225136302294 0.148488734143 
0 51.74587 -0.587109563596 3.76026776607 1.72112098786 0.147958280294 
0 67.7964 2.3432622945 -0.835748389804 -0.225136302294 0.102308833374 
0 67.7964 -0.587109563596 3.76026776607 1.72112098786 0.101955118846 
0 2.064451 2.79664085671 -1.75780209643 -0.198677807964 8.31499273383 
0 2.064451 -1.37996914936 3.46291625173 1.13854724407 8.46686958503 
0 2.064451 0.214734284792 3.73960290131 1.07841738813 8.66515504165 
0 2.064451 3.11521835446 -0.184937739402 -0.417434526132 8.55192397577 
0 6.25358 3.71854639251 0.323708196837 -0.567726642651 1.28448241275 
0 6.25358 3.15098226631 -2.47844007397 -0.177998973635 1.21901823662 
0 6.25358 0.841421347655 3.72345212155 0.57610757805 1.33788110358 
0 6.25358 -1.9996344945 3.23051894951 0.683232373071 1.2667057346 
0 1.261531 3.19720555047 -2.25022886434 -0.209738986716 13.6378278808 
0 1.261531 3.67232310835 0.0954969872111 -0.535986629569 14.248659913 
0 1.261531 -1.76825459319 3.27066417545 0.674507967119 14.1808007119 
0 1.261531 0.610041446345 3.68330689561 0.584831984002 14.8520965576 
0 3.995651 2.3432622945 -0.835748389804 -0.225136302294 4.52269744332 
0 3.995651 -0.587109563596 3.76026776607 1.72112098786 4.49798102444 
0 7.48008 2.3432622945 -0.835748389804 -0.225136302294 1.98682148626 
0 7.48008 -0.587109563596 3.76026776607 1.72112098786 1.97717082258 
0 0.428581 1.5311362539 2.90845311187 0.301903468047 61.1917052459 
0 0.428581 3.02883148626 1.13870720652 -0.293522532648 62.6376622549 
0 9.95421 2.36970210998 -0.889520076193 -0.223593314234 1.35593072908 
0 9.95421 -0.633346997152 3.74292702739 1.68714685769 1.35116342195 
0 9.95421 -0.540348192063 3.75906264687 1.6836402466 1.35212353421 
0 9.95421 2.38828069079 -0.797794867205 -0.236350616288 1.35756621595 
0 25.934511 2.3432622945 -0.835748389804 -0.225136302294 0.379760481088 
0 25.934511 -0.587109563596 3.76026776607 1.72112098786 0.378265496133 
0 0.358352 1.91267828571 0.471393246735 0.00458363092953 90.7649899132 
0 9.731111 2.35179019616 -0.853091916799 -0.224638626716 1.40293906584 
0 9.731111 -0.602022991664 3.75467468187 1.71016296732 1.39694684222 
0 9.731111 -0.572027144502 3.75987906676 1.70903194451 1.39726513726 
0 9.731111 2.35778253413 -0.823506855495 -0.228753368645 1.40348980498 
0 5.42063 3.71854639251 0.323708196837 -0.567726642651 1.58859030124 
0 5.42063 3.15098226631 -2.47844007397 -0.177998973635 1.50747200888 
0 5.42063 0.841421347655 3.72345212155 0.57610757805 1.65475837432 
0 5.42063 -1.9996344945 3.23051894951 0.683232373071 1.56656322823 
0 1.48463 3.27554872049 -1.86343701424 -0.263534671871 11.7708000115 
0 1.48463 3.59397993832 -0.291294862888 -0.482190944415 12.09561193 
0 1.48463 -1.37609217378 3.33870573327 0.65972109874 12.21674705 
0 1.48463 0.217879026937 3.61526533779 0.599618852381 12.5788259611 
0 129.4946 2.3432622945 -0.835748389804 -0.225136302294 0.0413721929463 
0 129.4946 -0.587109563596 3.76026776607 1.72112098786 0.0412381981403 
0 0.205482 0.859455949004 1.77711357317 0.0577528652102 181.045527717 
0 324.9749 2.3432622945 -0.835748389804 -0.225136302294 0.0110804881007 
0 324.9749 -0.587109563596 3.76026776607 1.72112098786 0.0110467832477 
0 0.205482 1.99620180698 0.622506023791 0.199054302208 186.866073101 
0 88.282761 2.3432622945 -0.835748389804 -0.225136302294 0.0708689593383 
0 88.282761 -0.587109563596 3.76026776607 1.72112098786 0.0706309191653 
0 10.18958 3.71854639251 0.323708196837 -0.567726642651 0.620776768317 
0 10.18958 3.15098226631 -2.47844007397 -0.177998973635 0.589301427008 
0 10.18958 0.841421347655 3.72345212155 0.57610757805 0.646450583124 
0 10.18958 -1.9996344945 3.23051894951 0.683232373071 0.612229269188 
0 4.06588 2.4079930479 -0.967393853607 -0.221358712406 4.36552707415 
0 4.06588 -0.700309442462 3.71781364682 1.63794449808 4.3554083686 
0 4.06588 -0.472626963981 3.75731735691 1.62935950708 4.36453772593 
0 4.06588 2.45347768957 -0.742829431499 -0.252591523919 4.38056837354 
0 386.6731 2.3432622945 -0.835748389804 -0.225136302294 0.00860958272985 
0 386.6731 -0.587109563596 3.76026776607 1.72112098786 0.0085836139583 
0 308.92437 2.3432622945 -0.835748389804 -0.225136302294 0.011923623594 
0 308.92437 -0.587109563596 3.76026776607 1.72112098786 0.0118872581536 
0 1.008402 2.19024728589 -0.371234416471 -0.143501599556 25.7998333172 
0 91.11714 2.3432622945 -0.835748389804 -0.225136302294 0.0678080344304 
0 91.11714 -0.587109563596 3.76026776607 1.72112098786 0.0675810144253 
0 3.842781 2.36485758126 -0.879667568733 -0.22387603368 4.7507051299 
0 3.842781 -0.62487497982 3.74610434558 1.69337188788 4.72968617305 
0 3.842781 -0.548916209784 3.7592834591 1.69050778801 4.73294986167 
0 3.842781 2.38003203587 -0.804749035647 -0.234295833935 4.75628760589 
0 1.261531 1.0757387796 3.44657181455 0.482951982453 13.5614001984 
0 1.261531 3.48422896057 0.600588503836 -0.474571047054 13.6838957219 
0 0.358352 0.647339800678 2.77499192918 1.06489890899 88.8046141958 
0 26.00474 2.35338304463 -0.856331355001 -0.224545670464 0.377791578605 
0 26.00474 -0.604808533994 3.75363000102 1.70811621926 0.376441583653 
0 26.00474 -0.569210037889 3.75980646518 1.70677394307 0.376528100866 
0 26.00474 2.3604946364 -0.821220371674 -0.229428967266 0.377941076067 
0 0.358352 1.09813582947 0.330067268288 0.0352967525676 87.5058166556 
0 43.023161 2.3432622945 -0.835748389804 -0.225136302294 0.19119037635 
0 43.023161 -0.587109563596 3.76026776607 1.72112098786 0.190490685479 
0 25.781641 2.34648109495 -0.842294590115 -0.224948457917 0.382722698328 
0 25.781641 -0.592738539033 3.75815669319 1.716984955 0.381259324406 
0 25.781641 -0.581416803606 3.76012105407 1.71655805787 0.381287128303 
0 25.781641 2.34874286355 -0.831127903111 -0.226501540222 0.382771032633 
0 5.197531 3.71854639251 0.323708196837 -0.567726642651 1.69093797835 
0 5.197531 3.15098226631 -2.47844007397 -0.177998973635 1.60454136296 
0 5.197531 0.841421347655 3.72345212155 0.57610757805 1.76141171782 
0 5.197531 -1.9996344945 3.23051894951 0.683232373071 1.66747777269 
0 84.235 2.3432622945 -0.835748389804 -0.225136302294 0.0756657272681 
0 84.235 -0.587109563596 3.76026776607 1.72112098786 0.0754103248258 
0 5.350401 3.11239411007 -2.39996183204 -0.180250920679 1.58365122134 
0 5.350401 -1.93215227959 3.2558272628 0.732816646607 1.64190411082 
0 5.350401 0.773174460224 3.72521095864 0.630809650417 1.7271778196 
0 5.350401 3.65284332771 0.268316113596 -0.551359671373 1.66421527972 
0 45.85754 2.3432622945 -0.835748389804 -0.225136302294 0.175225335097 
0 45.85754 -0.587109563596 3.76026776607 1.72112098786 0.174589500599 
0 0.205482 0.575673885902 0.376039437772 0.252616699718 179.544833184 
0 0.581451 1.50164390513 1.7191872705 0.223873684741 41.0412203318 
0 0.65168 2.27998387008 2.02358015919 0.00419046769967 32.3359592728 
0 87.632711 2.3432622945 -0.835748389804 -0.225136302294 0.0716040659972 
0 87.632711 -0.587109563596 3.76026776607 1.72112098786 0.0713633723012 
0 598.592 2.3432622945 -0.835748389804 -0.225136302294 0.00454809678966 
0 598.592 -0.587109563596 3.76026776607 1.72112098786 0.00453461426198 
0 0.428581 -0.628851322796 2.53368767715 0.383347916611 66.9500307028 
0 0.428581 2.3477632208 1.0205394692 -0.26784218619 66.6137143069 
0 10.78716 2.43003006527 -1.01221139737 -0.220072665055 1.16824664697 
0 10.78716 -0.738847348581 3.70336051419 1.60962779151 1.166953567 
0 10.78716 -0.433652366831 3.75631291598 1.5981201156 1.16980701885 
0 10.78716 2.49099955435 -0.711195986944 -0.261938413368 1.17285985771 
0 0.428581 1.39507771213 2.23671191127 0.395330405878 63.4793008382 
0 0.428581 2.59732590183 -0.991699863694 0.00277819853711 75.5618650736 
0 341.4135 2.3432622945 -0.835748389804 -0.225136302294 0.0103156138534 
0 341.4135 -0.587109563596 3.76026776607 1.72112098786 0.0102843137202 
0 5.197531 3.16220145978 -2.42304925177 -0.185702825799 1.62943248415 
0 5.197531 3.70732719903 0.268317374639 -0.560022790486 1.71263184679 
0 5.197531 -1.94347457582 3.24026289275 0.681114808295 1.69285861482 
0 5.197531 0.785261428978 3.71370817831 0.578225142825 1.78356800789 
0 42.373111 2.3432622945 -0.835748389804 -0.225136302294 0.195205493925 
0 42.373111 -0.587109563596 3.76026776607 1.72112098786 0.194489640641 
0 1.008402 -0.148427967778 3.41013402308 1.48792183275 25.4912374111 
0 1.008402 1.90078641782 -0.421456894241 -0.132587193827 25.2796371124 
0 4.89883 2.53432379819 -1.22431763934 -0.213986238896 3.11753316256 
0 4.89883 -0.92123419431 3.63495873695 1.47561441834 3.12843206757 
0 4.89883 -0.249198810488 3.75155923756 1.45027466554 3.14969058628 
0 4.89883 2.66857782085 -0.561485617257 -0.306174072639 3.14898009213 
0 6.000451 3.02907135038 -2.23050507819 -0.185113512227 1.4279414318 
0 6.000451 -1.78643906278 3.31047507997 0.839883138281 1.47295469425 
0 6.000451 0.625810098831 3.72900878611 0.748926919419 1.53626147322 
0 6.000451 3.51097179995 0.148708915664 -0.516018744321 1.49141258055 
0 9.731111 2.32740586858 -0.787612383572 -0.216676775164 1.40032301916 
0 0.511222 0.878076365454 1.46225968813 0.747992342782 50.4281652814 
0 35.02379 3.71854639251 0.323708196837 -0.567726642651 0.0980811549574 
0 35.02379 3.15098226631 -2.47844007397 -0.177998973635 0.0931418156029 
0 35.02379 0.841421347655 3.72345212155 0.57610757805 0.102110005124 
0 35.02379 -1.9996344945 3.23051894951 0.683232373071 0.0967397472033 
0 300.201661 2.3432622945 -0.835748389804 -0.225136302294 0.0124280155628 
0 300.201661 -0.587109563596 3.76026776607 1.72112098786 0.012390053707 
0 0.358352 0.484616819111 1.9716044345 1.17663544302 86.234225312 
0 87.70294 2.34626319135 -0.841851431029 -0.224961174445 0.0715010042193 
0 87.70294 -0.592357473455 3.7582996068 1.71726495263 0.071267276299 
0 87.70294 -0.581802187217 3.76013098605 1.71686695522 0.0712714073289 
0 87.70294 2.34837184466 -0.831440696878 -0.226409117509 0.0715081871511 
0 87.479841 2.344210924 -0.8376776547 -0.225080941696 0.0717758681315 
0 87.479841 -0.588768508357 3.75964560075 1.71990203601 0.0715366642573 
0 87.479841 -0.585431820556 3.76022452781 1.71977622292 0.0715379741869 
0 87.479841 2.34487750164 -0.83438666203 -0.225538658697 0.0717781498774 
0 303.03604 2.3432622945 -0.835748389804 -0.225136302294 0.0122602558662 
0 303.03604 -0.587109563596 3.76026776607 1.72112098786 0.0122228253634 
0 1322.9089 2.3432622945 -0.835748389804 -0.225136302294 0.00141276642859 
0 1322.9089 -0.587109563596 3.76026776607 1.72112098786 0.00140866275214 
0 5.42063 3.1850991669 -2.30999987559 -0.20142593022 1.57885156029 
0 5.42063 3.68442949191 0.155267998454 -0.544299686066 1.65076440806 
0 5.42063 -1.82885551944 3.2601497018 0.676792984437 1.63932956318 
0 5.42063 0.67064237259 3.69382136926 0.582546966684 1.71815496417 
0 26.83769 2.37813779333 -0.906676055214 -0.223101020379 0.356472728567 
0 26.83769 -0.648099155646 3.73739442521 1.67630733408 0.355503252278 
0 26.83769 -0.525428869965 3.75867815084 1.67168193073 0.355790160008 
0 26.83769 2.40264391267 -0.785685709371 -0.239928568711 0.356957916287 
0 2.31758 3.43476432941 -1.07736593857 -0.372862808143 6.8370672579 
0 2.31758 -0.579106573423 3.47698553553 0.62966997556 7.08177847249 
0 42.44334 2.3494632079 -0.848359429801 -0.224774426269 0.194599827406 
0 42.44334 -0.597953599986 3.75620085347 1.71315305635 0.19392666065 
0 42.44334 -0.576142648359 3.75998513022 1.71233065304 0.193952045881 
0 42.44334 2.35382043085 -0.826847173872 -0.227766388345 0.194643842913 
0 1384.6071 2.3432622945 -0.835748389804 -0.225136302294 0.00132049856769 
0 1384.6071 -0.587109563596 3.76026776607 1.72112098786 0.00131666610267 
0 3.842781 2.30310891581 -0.713853121836 -0.203714161008 4.72758916539 
0 38.95979 3.71854639251 0.323708196837 -0.567726642651 0.0836267390811 
0 38.95979 3.15098226631 -2.47844007397 -0.177998973635 0.0794166719983 
0 38.95979 0.841421347655 3.72345212155 0.57610757805 0.0870607443001 
0 38.95979 -1.9996344945 3.23051894951 0.683232373071 0.0824833819488 
0 1.261531 -1.53393716125 2.99378386846 0.581352371522 14.3194104355 
0 1.261531 3.25284905926 0.560443277894 -0.465846641101 14.3687406913 
0 42.220241 2.34522784363 -0.839745803895 -0.225021595789 0.196150085135 
0 42.220241 -0.590546877559 3.75897864687 1.71859533401 0.195443440543 
0 42.220241 -0.583633299821 3.76017817691 1.71833465078 0.195451538562 
0 42.220241 2.34660898463 -0.832926905929 -0.225969980011 0.196164178306 
0 0.428581 -0.764909864566 1.86194647656 0.476774854441 62.9031395601 
0 0.428581 1.91625763637 -1.10986760101 0.028458544995 74.443038594 
0 1306.85837 2.3432622945 -0.835748389804 -0.225136302294 0.00143854405417 
0 1306.85837 -0.587109563596 3.76026776607 1.72112098786 0.0014343645455 
0 1.261531 1.02951549543 3.21836060492 0.514691995534 13.7436043972 
0 1.261531 2.96288811853 -1.97334855734 -0.116583391119 15.2489783569 
0 25.781641 2.33727739072 -0.817579770524 -0.221943309361 0.382484562046 
0 34.19084 3.71854639251 0.323708196837 -0.567726642651 0.101679223181 
0 34.19084 3.15098226631 -2.47844007397 -0.177998973635 0.0965582932362 
0 34.19084 0.841421347655 3.72345212155 0.57610757805 0.105856191314 
0 34.19084 -1.9996344945 3.23051894951 0.683232373071 0.100288500446 
0 0.581451 1.82574196944 1.83445016486 0.438471010603 40.3381326535 
0 5.197531 0.898294256009 3.65624846455 0.553497097868 1.73919016905 
0 5.197531 3.66167348415 0.390911853837 -0.545116162469 1.69635770688 
0 0.581451 -0.0904586720592 1.44295187874 0.283905472819 39.9638803619 
0 1596.526 2.3432622945 -0.835748389804 -0.225136302294 0.00106909122998 
0 1596.526 -0.587109563596 3.76026776607 1.72112098786 0.00106599592053 
0 1.414401 1.11283452275 2.89951195048 0.431306528349 11.3116909537 
0 12.48169 2.3432622945 -0.835748389804 -0.225136302294 1.00930774649 
0 12.48169 -0.587109563596 3.76026776607 1.72112098786 1.00483032644 
0 299.551611 2.3432622945 -0.835748389804 -0.225136302294 0.0124670330475 
0 299.551611 -0.587109563596 3.76026776607 1.72112098786 0.0124289475547 
0 9.731111 -0.541650478956 3.72398459484 1.69695535102 1.39327067495 
0 9.731111 2.29741002142 -0.79281676846 -0.215545752348 1.39776462752 
0 3.758981 2.3432622945 -0.835748389804 -0.225136302294 4.8976331965 
0 3.758981 -0.587109563596 3.76026776607 1.72112098786 4.87054658898 
0 1.48463 1.47287997682 2.97729142129 0.32506392241 9.91850622665 
0 1.48463 3.08708776334 1.0698688971 -0.31668298701 10.4248551297 
0 1.231501 1.94589367351 0.370559923888 -0.0131370380046 16.8344442689 
0 1.008402 -0.206254217517 3.12463725146 1.52762922171 24.877352241 
0 33.967741 3.71854639251 0.323708196837 -0.567726642651 0.102680428389 
0 33.967741 3.15098226631 -2.47844007397 -0.177998973635 0.0975089648258 
0 33.967741 0.841421347655 3.72345212155 0.57610757805 0.106898615279 
0 33.967741 -1.9996344945 3.23051894951 0.683232373071 0.101275982129 
0 28.53222 2.3432622945 -0.835748389804 -0.225136302294 0.333891136801 
0 28.53222 -0.587109563596 3.76026776607 1.72112098786 0.332595593602 
0 3.842781 -0.471993089723 3.66838754529 1.65992611508 4.69707121764 
0 1339.3475 2.3432622945 -0.835748389804 -0.225136302294 0.00138715462545 
0 1339.3475 -0.587109563596 3.76026776607 1.72112098786 0.00138312626693 
0 3.842781 2.22715014578 -0.727032235355 -0.200850061138 4.70387719401 
0 34.120611 3.14493131635 -2.46613402048 -0.178352098018 0.0973122797439 
0 34.120611 -1.98905271125 3.23448750754 0.691007607422 0.101035017132 
0 34.120611 0.830719657267 3.72372792211 0.584685326634 0.106574546837 
0 34.120611 3.70824359507 0.3150222487 -0.565160162833 0.102428643168 
0 67.73 3.71854639251 0.323708196837 -0.567726642651 0.0365298580621 
0 67.73 3.15098226631 -2.47844007397 -0.177998973635 0.0346931351872 
0 67.73 0.841421347655 3.72345212155 0.57610757805 0.0380280048854 
0 67.73 -1.9996344945 3.23051894951 0.683232373071 0.0360310424161 
0 3.108931 2.3432622945 -0.835748389804 -0.225136302294 6.27017415155 
0 3.108931 -0.587109563596 3.76026776607 1.72112098786 6.23416461012 
0 299.62184 2.34414069334 -0.837534823858 -0.225085040252 0.0124621384336 
0 299.62184 -0.588645690346 3.75969166202 1.71999227966 0.0124243761839 
0 299.62184 -0.585556030275 3.7602277289 1.719875781 0.0124245675335 
0 299.62184 2.34475792169 -0.834487475933 -0.225508870717 0.0124624717659 
0 25.781641 -0.569951330782 3.74657292148 1.71199982701 0.380925589703 
0 299.398741 2.34353946988 -0.836312092195 -0.225120126754 0.0124761422491 
0 299.398741 -0.587594282481 3.76008597866 1.72076482833 0.0124381254972 
0 299.398741 -0.586619352134 3.7602551325 1.72072806763 0.0124381859321 
0 299.398741 2.34373423391 -0.835350513284 -0.225253864826 0.0124762475818 
0 2594.46 2.3432622945 -0.835748389804 -0.225136302294 0.000519394111571 
0 2594.46 -0.587109563596 3.76026776607 1.72112098786 0.000517899949573 
0 25.781641 2.3259556553 -0.819544131405 -0.22151641223 0.382254271703 
0 88.53589 2.35383402791 -0.857248537334 -0.224519351754 0.0703302897639 
0 88.53589 -0.605597204762 3.75333422046 1.70753672335 0.0701163665568 
0 88.53589 -0.568412430324 3.7597859095 1.70613463499 0.0701307530464 
0 88.53589 2.36126251408 -0.820572999371 -0.229620249544 0.0703551404368 
0 6.59336 2.3432622945 -0.835748389804 -0.225136302294 2.34595061149 
0 6.59336 -0.587109563596 3.76026776607 1.72112098786 2.33428925732 
0 1.261531 -1.58016044541 2.76557265883 0.613092384603 13.8854807729 
0 1.261531 2.73150821722 -2.01349378329 -0.107858985167 15.4761854478 
0 87.479841 2.34149845224 -0.83039382109 -0.224195278664 0.0717677163899 
0 1298.135661 2.3432622945 -0.835748389804 -0.225136302294 0.00145288396992 
0 1298.135661 -0.587109563596 3.76026776607 1.72112098786 0.00144866226482 
0 43.27629 2.36489025351 -0.879734015575 -0.223874126976 0.18786827503 
0 43.27629 -0.624932116423 3.74608291725 1.69332990531 0.187312172596 
0 43.27629 -0.54885842574 3.75928196991 1.69046147224 0.187398646014 
0 43.27629 2.38008766609 -0.804702135653 -0.234309691706 0.188016209686 
0 1.161272 0.057903216374 2.7486251142 1.29272456377 18.5667070537 
0 1.161272 1.69824951453 0.175894262063 0.203260121794 18.317000447 
0 33.967741 3.15269895703 -2.46996451725 -0.179177768847 0.0977420911764 
0 33.967741 3.71682970178 0.315232640117 -0.566547847439 0.102884376337 
0 33.967741 -1.99104125545 3.23200990668 0.682908356571 0.101513607188 
0 33.967741 0.832828108608 3.72196116438 0.57643159455 0.107106929298 
0 0.65168 0.859455949004 1.77711357317 0.0577528652102 34.5986688964 
0 1300.97004 2.3432622945 -0.835748389804 -0.225136302294 0.00144819825984 
0 1300.97004 -0.587109563596 3.76026776607 1.72112098786 0.00144399034374 
0 42.220241 2.33960763416 -0.824653786631 -0.22318651244 0.196085343349 
0 3.17916 2.42604751941 -1.00411193815 -0.220305080471 5.99024068404 
0 3.17916 -0.731882750062 3.70597249487 1.61474520739 5.98099080634 
0 3.17916 -0.440695884472 3.75649443928 1.60376572123 5.99798521264 
0 3.17916 2.48421857556 -0.71691280613 -0.260249236686 6.01780610995 
0 2.956061 2.37133544916 -0.892841861935 -0.223497995004 6.6786869223 
0 2.956061 -0.636203348848 3.74185579042 1.68504808064 6.64980767148 
0 2.956061 -0.537459473712 3.75898819974 1.68132484605 6.65611093741 
0 2.956061 2.39106173556 -0.795450260243 -0.237043388838 6.68940730541 
0 0.65168 1.99620180698 0.622506023791 0.199054302208 39.3161585913 
0 34.770661 3.12994382596 -2.43565337534 -0.179226745526 0.0957124842717 
0 34.770661 -1.9628428804 3.24431715838 0.710265947174 0.0992847554946 
0 34.770661 0.804212830577 3.72441104762 0.605931399626 0.104560362132 
0 34.770661 3.68272477924 0.293508178157 -0.558803294595 0.100636010744 
0 5.197531 -1.88660166747 3.17305923575 0.658504328114 1.70294772679 
0 5.197531 3.60551356548 0.381167910601 -0.542998597693 1.72208546582 
0 90.23042 2.3432622945 -0.835748389804 -0.225136302294 0.0687412000748 
0 90.23042 -0.587109563596 3.76026776607 1.72112098786 0.0685108253974 
0 5.197531 0.887075062533 3.60085764235 0.561200950032 1.74812170956 
0 5.197531 3.10532855143 -2.35584559477 -0.163092345617 1.67787930976 
0 9.731111 -0.547642816921 3.69439953353 1.70107009295 1.39013423633 
0 1297.485611 2.3432622945 -0.835748389804 -0.225136302294 0.0014539621795 
0 1297.485611 -0.587109563596 3.76026776607 1.72112098786 0.00144973730134 
0 8675.8771 2.3432622945 -0.835748389804 -0.225136302294 8.56214810508e-05 
0 8675.8771 -0.587109563596 3.76026776607 1.72112098786 8.53771390263e-05 
0 8614.1789 2.3432622945 -0.835748389804 -0.225136302294 8.65407137344e-05 
0 8614.1789 -0.587109563596 3.76026776607 1.72112098786 8.6293741902e-05 
0 1.414401 2.94042687435 0.944764338661 -0.154085368583 11.7254506398 
0 34.19084 3.15639117392 -2.45173549483 -0.18171309308 0.0972851521406 
0 34.19084 3.71313748489 0.2970036177 -0.564012523206 0.102314915824 
0 34.19084 -1.97255912473 3.23521662131 0.682211469718 0.101029379157 
0 34.19084 0.814345977889 3.71875444975 0.577128481403 0.106505347316 
0 87.479841 -0.582052771156 3.75623168687 1.71843284289 0.0715258581183 
0 44.97082 2.3432622945 -0.835748389804 -0.225136302294 0.179967499184 
0 44.97082 -0.587109563596 3.76026776607 1.72112098786 0.179312766762 
0 87.479841 2.33816176444 -0.830972748148 -0.22406946558 0.0717587416231 
0 1.414401 -1.21478480114 2.49566181856 0.519071696234 11.7408704124 
0 8598.12837 2.3432622945 -0.835748389804 -0.225136302294 8.67825472071e-05 
0 8598.12837 -0.587109563596 3.76026776607 1.72112098786 8.65348835012e-05 
0 8887.796 2.3432622945 -0.835748389804 -0.225136302294 8.258479759e-05 
0 8887.796 -0.587109563596 3.76026776607 1.72112098786 8.23491423294e-05 
0 0.581451 1.50768405075 0.264151046694 0.656870950876 45.280096569 
0 33.967741 0.850123683917 3.71316903883 0.572647863974 0.106689196205 
0 33.967741 3.70984405625 0.333991279559 -0.564266928575 0.102741722871 
0 3.842781 -0.48716754434 3.5934690122 1.67034591533 4.66860696514 
0 5.350401 0.913170561642 3.50564007309 0.537828811748 1.66203180848 
0 42.220241 -0.576631949349 3.75190505761 1.71555118321 0.195353737187 
0 300.45479 2.34637749805 -0.842083901036 -0.224954503677 0.0124057198635 
0 300.45479 -0.592557370784 3.75822463795 1.71711807298 0.012368898984 
0 300.45479 -0.581600024757 3.76012577599 1.71670491551 0.012369575285 
0 300.45479 2.34856647175 -0.831276613208 -0.226457600118 0.012406895708 
0 42.220241 2.33269405642 -0.825853316663 -0.222925829216 0.19602105596 
0 4.01211 2.57655047108 -1.31019567482 -0.211521953466 3.95456159055 
0 4.01211 -0.995079376159 3.60726407695 1.42135479303 3.97685569833 
0 4.01211 -0.174516854361 3.74963455793 1.39041467892 4.01234132242 
0 4.01211 2.74047609471 -0.500870557931 -0.324084302349 4.00523041537 
0 9.95421 2.29410120044 -0.686508028729 -0.198908474473 1.32633266041 
0 25.781641 -0.572213099375 3.73540623448 1.71355290932 0.380641613046 
0 299.398741 2.34274692614 -0.834183864789 -0.224861349242 0.012476006148 
0 1.231501 0.552113982903 2.85099642156 1.1155200895 15.9903178534 
0 1297.55584 2.34346512776 -0.836160899726 -0.225124465248 0.00145383710286 
0 1297.55584 -0.587464274437 3.76013473645 1.72086035505 0.00144962050973 
0 1297.55584 -0.58675083336 3.76025852099 1.72083345405 0.00144962541142 
0 1297.55584 2.34360765349 -0.835457229052 -0.225222332993 0.00145384564665 
0 9885.73 2.3432622945 -0.835748389804 -0.225136302294 7.04267603966e-05 
0 9885.73 -0.587109563596 3.76026776607 1.72112098786 7.02258718657e-05 
0 1.231501 1.1941852822 0.240135876504 0.0152068636322 15.5226517784 
0 5.42063 1.01436848196 3.51908979458 0.507350451577 1.59025999452 
0 5.42063 3.54559925821 0.528070523804 -0.498969516178 1.59531187195 
0 1297.332741 2.3433262611 -0.835878481168 -0.225132569299 0.00145421432956 
0 1297.332741 -0.587221427129 3.76022581313 1.72103879328 0.0014499912101 
0 1297.332741 -0.586996432485 3.76026485049 1.72103030964 0.00144999275626 
0 1297.332741 2.34337120879 -0.835656567771 -0.225163433401 0.00145421702487 
0 4.06588 2.22290462184 -0.470373638306 -0.160924543469 4.13486543779 
0 8630.6175 2.3432622945 -0.835748389804 -0.225136302294 8.62941953311e-05 
0 8630.6175 -0.587109563596 3.76026776607 1.72112098786 8.60479287675e-05 
0 5.197531 -1.89782086095 3.11766841355 0.666208180278 1.69234113073 
0 5.197531 3.04916863275 -2.36558953801 -0.160974780842 1.68614167891 
0 2.956061 2.29106423745 -0.677288594916 -0.197288230988 6.63617793907 
0 302.14932 2.3432622945 -0.835748389804 -0.225136302294 0.0123123288351 
0 302.14932 -0.587109563596 3.76026776607 1.72112098786 0.0122747334404 
0 9.883981 -0.511326811583 3.64140955645 1.67078855883 1.34011385291 
0 9.883981 2.26747954249 -0.71689018018 -0.174803873266 1.34269664244 
0 26.00474 2.32444419234 -0.778621500836 -0.215096697746 0.37492708518 
0 6.25358 3.25615204646 -1.9592012708 -0.250215612037 1.3967243314 
0 6.25358 3.61337661235 -0.195530606333 -0.495510004248 1.43876698442 
0 6.25358 -1.47318610824 3.32185959446 0.6633821207 1.44774310649 
0 6.25358 0.314972961397 3.6321114766 0.595957830421 1.49446999412 
0 8.83483 2.80905095542 -1.78304099935 -0.197953573177 0.980932124538 
0 8.83483 -1.40167168791 3.45477700132 1.12260075196 0.998586795625 
0 8.83483 0.236682744952 3.73903725257 1.06082499233 1.02166476493 
0 8.83483 3.13634871152 -0.16712343346 -0.422698206727 1.00824398259 
0 299.398741 -0.585632044361 3.759088484 1.72033555204 0.0124380082748 
0 8589.405661 2.3432622945 -0.835748389804 -0.225136302294 8.69144451658e-05 
0 8589.405661 -0.587109563596 3.76026776607 1.72112098786 8.66664041032e-05 
0 0.65168 0.575673885902 0.376039437772 0.252616699718 35.1099861543 
0 299.398741 2.34177199579 -0.83435301863 -0.224824588538 0.0124757399577 
0 3.995651 -0.399646924586 3.46625002388 1.59661442505 4.26396038027 
0 3.995651 2.15579965549 -0.541730647609 -0.100629739485 4.2558146163 
0 8592.24004 2.3432622945 -0.835748389804 -0.225136302294 8.68715492839e-05 
0 8592.24004 -0.587109563596 3.76026776607 1.72112098786 8.66236309455e-05 
0 17177.0 2.3432622945 -0.835748389804 -0.225136302294 3.07927132843e-05 
0 17177.0 -0.587109563596 3.76026776607 1.72112098786 3.07050036496e-05 
0 87.479841 -0.582719348795 3.7529406942 1.71889055989 0.0715156327684 
0 33.967741 -1.98233891919 3.22172682396 0.679448642494 0.101623688854 
0 33.967741 3.7012508172 0.332500322388 -0.563942912074 0.102989360038 
0 2.956061 -0.437461975611 3.64082653441 1.6415696882 6.58943004125 
0 42.220241 -0.57801309035 3.74508615964 1.71649956744 0.195275758031 
0 2.956061 2.19232036232 -0.694421004236 -0.193564996398 6.59193512135 
0 25.934511 -0.558227766633 3.71496934939 1.70193864152 0.375551199584 
0 25.934511 2.31438049754 -0.790449973126 -0.205953955952 0.376695018918 
0 33.967741 0.848406993193 3.70469348211 0.573826659186 0.106787091383 
0 33.967741 3.14399662077 -2.45968143453 -0.175718054771 0.0981773526986 
0 1298.38879 2.3439831709 -0.837214464304 -0.225094233026 0.00145238855794 
0 1298.38879 -0.588370218168 3.75979497423 1.72019468985 0.00144819627864 
0 1298.38879 -0.585834623957 3.76023490873 1.72009908279 0.00144821368548 
0 1298.38879 2.34448971226 -0.834713594442 -0.225442058369 0.00145241888509 
0 8588.755611 2.3432622945 -0.835748389804 -0.225136302294 8.69242880893e-05 
0 8588.755611 -0.587109563596 3.76026776607 1.72112098786 8.66762188662e-05 
0 1297.332741 2.34314335768 -0.83538732837 -0.225072848567 0.00145421604811 
0 5.70664 2.3432622945 -0.835748389804 -0.225136302294 2.83633043011 
0 5.70664 -0.587109563596 3.76026776607 1.72112098786 2.82184842717 
0 87.70294 2.33768255163 -0.818809734217 -0.222159465873 0.0713924931479 
0 5.350401 3.5128472263 0.487886999146 -0.458378832705 1.65522831578 
0 1.48463 -0.744633544619 2.59254503301 0.4086774431 11.3692405701 
0 1.48463 2.46354544263 0.961682113336 -0.29317171268 11.2244495821 
0 5.350401 -1.79215617818 3.03625637725 0.639835807939 1.64150715867 
0 34.120611 0.852672232531 3.68929734625 0.570105143055 0.105975288696 
0 42.44334 2.33173257384 -0.800747141207 -0.218985106229 0.193796911095 
0 1.48463 1.34831352263 2.36228836156 0.410599620646 10.1553437727 
0 1.48463 2.64409009133 -1.11727631398 -0.0124910162307 15.4609434466 
0 8588.82584 2.34329293751 -0.835810709691 -0.225134514013 8.69231846453e-05 
0 8588.82584 -0.587163151494 3.76024766864 1.72108161279 8.66751889264e-05 
0 8588.82584 -0.587055368468 3.76026636937 1.72107754872 8.66752324077e-05 
0 8588.82584 2.34331446957 -0.835704402728 -0.225149299371 8.69232604457e-05 
0 1300.08332 2.3432622945 -0.835748389804 -0.225136302294 0.00144966144561 
0 1300.08332 -0.587109563596 3.76026776607 1.72112098786 0.00144544922378 
0 8588.602741 2.34327195684 -0.835768040472 -0.225135738414 8.69265924226e-05 
0 8588.602741 -0.587126460899 3.76026142896 1.72110857213 8.66785387954e-05 
0 8588.602741 -0.587092474821 3.76026732566 1.72110729066 8.66785525063e-05 
0 8588.602741 2.34327874631 -0.835734519826 -0.225140400524 8.69266163252e-05 
0 299.398741 -0.585826808393 3.75812690509 1.72046929011 0.012437783716 
0 2.064451 1.50026903828 1.72336101049 0.224607186946 6.22223266592 
0 34.19084 0.868840458288 3.6910524332 0.56520679461 0.105197116116 
0 34.19084 3.69112728187 0.356107885187 -0.556825859211 0.101852483081 
0 1297.332741 -0.586768581375 3.75999561109 1.7209397248 0.0014499964641 
0 87.632711 -0.578562124261 3.74686190116 1.71544405779 0.0712640457393 
0 87.632711 2.33471485517 -0.822342524891 -0.219459372224 0.071487741499 
0 1297.332741 2.34291836303 -0.835426365731 -0.225064364923 0.00145421244475 
0 33.967741 -1.98405560992 3.21325126724 0.680627437706 0.101538353379 
0 33.967741 3.13540338172 -2.4611723917 -0.17539403827 0.098252897676 
0 9.95421 -0.446168701715 3.64777580839 1.64619810478 1.3068415887 
0 1.414401 2.47543311813 -1.35097880259 0.165210591741 15.7253829738 
0 14.72316 2.62276503951 -1.40418404937 -0.20882494042 0.570393540603 
0 14.72316 -1.07589851194 3.57695392766 1.36197087771 0.574685600152 
0 14.72316 -0.0927819191681 3.74752811116 1.32490150304 0.580817115845 
0 14.72316 2.81916445611 -0.434531000123 -0.343685977781 0.578820529299 
0 2.31758 2.27998387008 2.02358015919 0.00419046769967 4.87205262558 
0 9.95421 2.20110239535 -0.702643648208 -0.19540186338 1.30657948981 
0 4.06588 -0.242053896252 3.48486156371 1.53769252663 4.0217841869 
0 42.373111 -0.569432426766 3.73254281839 1.70938041086 0.193736786079 
0 42.373111 2.32558515768 -0.808023442121 -0.213395725299 0.194348820326 
0 2.956061 -0.457188262007 3.54343493272 1.65511508204 6.53651573937 
0 4.06588 1.99522214336 -0.509877348395 -0.152339552468 3.99047815979 
0 299.62184 2.34162903621 -0.830790240242 -0.224264946234 0.0124594977102 
0 7.94811 2.86101602906 -1.88872440115 -0.194920969255 1.09069975458 
0 7.94811 -1.49254719502 3.4206953428 1.05582766206 1.11373584847 
0 7.94811 0.328588004924 3.73666869943 0.987159974465 1.14414571905 
0 7.94811 3.22482831079 -0.0925292064945 -0.444738929855 1.12526776639 
0 3.17916 2.18933488786 -0.368464612133 -0.143014828077 5.59139311229 
0 26.00474 -0.533159593831 3.71720759435 1.69244167355 0.372075866111 
0 26.00474 2.28884569623 -0.784797965003 -0.21375442156 0.372946267164 
0 1.231501 0.401943504047 2.10958249452 1.21863723165 14.7346250634 
0 8589.65879 2.34337126016 -0.835969997523 -0.225129943221 8.69103891661e-05 
0 8589.65879 -0.587300120614 3.76019630018 1.72098097124 8.66626095801e-05 
0 8589.65879 -0.586916847287 3.76026279945 1.72096651955 8.66627641794e-05 
0 8589.65879 2.34344782754 -0.835591973032 -0.225182519526 8.69106586593e-05 
0 35.02379 3.16976057767 -2.38572876561 -0.190893424109 0.095569467233 
0 35.02379 3.69976808114 0.230996888474 -0.554832192176 0.100201981676 
0 35.02379 -1.90563589814 3.24682803629 0.679688063868 0.0992141380568 
0 35.02379 0.747422751291 3.70714303477 0.579651887253 0.104273995154 
0 8588.602741 2.34324432876 -0.835693850453 -0.225126717429 8.69266291655e-05 
0 299.551611 -0.584609041971 3.75634593009 1.71946022305 0.0124267846079 
0 299.551611 2.34076177288 -0.831826553825 -0.223475537491 0.0124640796179 
0 3.108931 -0.346179391449 3.38239116295 1.56110303564 5.81976208591 
0 3.108931 2.10233212236 -0.457871786682 -0.0651183500802 5.79739803836 
0 1297.332741 -0.586813529062 3.75977369769 1.72097058891 0.00144999607429 
0 34.120611 3.68629101981 0.349452824565 -0.550579979255 0.102453500684 
0 34.120611 -1.96710013598 3.20005693168 0.676427423843 0.10114520063 
0 8591.35332 2.3432622945 -0.835748389804 -0.225136302294 8.68849652328e-05 
0 8591.35332 -0.587109563596 3.76026776607 1.72112098786 8.66370085117e-05 
0 1.811322 0.878076365454 1.46225968813 0.747992342782 7.69106078206 
0 87.70294 -0.571112894194 3.74750002339 1.71261730358 0.0711022204294 
0 8588.602741 -0.587058057267 3.76022665629 1.72109360756 8.66786194977e-05 
0 8588.602741 2.34321034268 -0.835699747157 -0.22512543595 8.69266104721e-05 
0 87.70294 2.3271272654 -0.82064111347 -0.22176146846 0.0713134993899 
0 1297.55584 2.34288515478 -0.834603491181 -0.224935095303 0.0014538216592 
0 42.44334 -0.554054791357 3.73388509755 1.70354937092 0.192700241826 
0 5.42063 -1.65590838513 3.05578737483 0.608035857964 1.65370542868 
0 5.42063 3.37482028314 0.498439771516 -0.492530127544 1.66238519567 
0 42.44334 2.30992162222 -0.804531417958 -0.218162702921 0.19323238726 
0 1.48463 -0.869199998807 1.97754197329 0.494213141336 10.3138084849 
0 1.48463 2.02054777061 -1.22546309774 0.0110202581 15.077599276 
0 5.42063 0.980251581361 3.3506495962 0.530777408162 1.60636817662 
0 5.42063 3.0121520326 -2.10563754862 -0.132668803747 1.73412308867 
0 30.77369 2.47698573278 -1.10770697409 -0.217332402577 0.246369900641 
0 30.77369 -0.820962503972 3.67256430987 1.54929159282 0.246548014241 
0 30.77369 -0.350606726226 3.75417269013 1.53155636723 0.247475239345 
0 30.77369 2.57094976616 -0.643792604747 -0.281854422225 0.247809957055 
0 37.60504 3.0706498161 -2.31506482941 -0.182687055197 0.0891889250393 
0 37.60504 -1.85915067258 3.2832055512 0.786456433858 0.0921906955827 
0 37.60504 0.699345637875 3.72711365158 0.689985822913 0.0964960657023 
0 37.60504 3.58176638808 0.208393494013 -0.53365404024 0.093378389471 
0 5.350401 2.97239800865 -2.18039094649 -0.0872700820103 1.73259742002 
0 1297.485611 -0.586532266033 3.75936232845 1.72073756567 0.00144973492168 
0 1297.485611 2.34268499694 -0.834842952182 -0.224752880105 0.00145393952526 
0 3.17916 -0.145812196764 3.40804624528 1.48653131262 5.41148098946 
0 3.17916 1.89814802227 -0.418986556539 -0.13203534192 5.34898755681 
0 299.62184 -0.582427144795 3.75653049321 1.71863185652 0.0124205024651 
0 299.62184 2.33853937614 -0.831326307122 -0.224148447573 0.0124572939179 
0 8588.602741 -0.587064846742 3.76019313564 1.72109826967 8.66786381765e-05 
0 2.064451 1.82968360097 1.83130415142 0.436375675057 6.1121567157 
0 36.71832 3.0882156814 -2.35078921641 -0.181661937589 0.0911514674991 
0 36.71832 -1.88986951517 3.27168485507 0.763884983058 0.094318009666 
0 36.71832 0.730412570029 3.72631300448 0.665084678921 0.0988986015599 
0 36.71832 3.61167533679 0.23360874055 -0.541104513154 0.0955534502816 
0 8588.82584 2.34320531817 -0.835575424381 -0.225105904971 8.69232638932e-05 
0 2.064451 -0.0944343958656 1.44667436091 0.284737042884 6.04779023183 
0 4.06588 -0.287538537925 3.26029714161 1.56892533814 3.83726054056 
0 47.21229 2.43042526913 -1.0130151389 -0.220049601549 0.147491405917 
0 47.21229 -0.739538473371 3.70310131697 1.60911996999 0.147352176486 
0 47.21229 -0.432953410583 3.7562949027 1.59755987972 0.147665160286 
0 47.21229 2.49167245783 -0.710628684256 -0.262106037084 0.147997307665 
0 9.95421 -0.464747282525 3.5560505994 1.65895540684 1.27912507221 
0 34.19084 -1.9451400141 3.20281693296 0.671310686278 0.101347022822 
0 34.19084 3.66405191211 0.35141021339 -0.555804955857 0.102614735073 
0 1297.55584 -0.586028334647 3.75940478312 1.72054621636 0.00144960403991 
0 92.47189 2.38776407375 -0.926253398035 -0.222539245062 0.0626274769985 
0 92.47189 -0.664933407065 3.73108096159 1.66393793974 0.0624948806058 
0 92.47189 -0.508403861773 3.75823938774 1.65803583982 0.0625522958608 
0 92.47189 2.41903433366 -0.771867486936 -0.244011506857 0.0627237757699 
0 8588.755611 -0.587022352442 3.76013098347 1.72106306506 8.66764171308e-05 
0 8588.755611 2.34317508335 -0.835611607208 -0.225078379494 8.69243064483e-05 
0 1297.55584 2.3421717137 -0.834727275715 -0.224908194308 0.00145379735363 
0 34.19084 0.863431550672 3.66434785406 0.568920914055 0.105479420903 
0 34.19084 3.12897206329 -2.41933580648 -0.170812309639 0.0986621739484 
0 34.120611 3.12297874108 -2.43170344461 -0.16377191444 0.0986647629051 
0 6.000451 1.06809743813 3.0353221636 0.455174112563 1.33467750127 
0 26.00474 -0.540271185598 3.68209661102 1.69732497035 0.36915052651 
0 5.42063 -1.69002528573 2.88734717645 0.631462814549 1.61306541337 
0 5.42063 2.84137305753 -2.13526830091 -0.126229415113 1.75922098087 
0 6.25358 1.37455336655 3.09347868833 0.364154799545 1.18330472835 
0 6.25358 3.18541437361 0.953681630057 -0.355773864145 1.24558622946 
0 304.39079 2.35678163796 -0.863243207126 -0.224347333644 0.0120581487032 
0 304.39079 -0.610751927718 3.75140100971 1.70374915957 0.0120255938375 
0 304.39079 -0.563199296792 3.75965155828 1.70195614102 0.0120284821869 
0 304.39079 2.36628133417 -0.816341797958 -0.230870463436 0.0120631255408 
0 87.70294 -0.573221547506 3.73708928924 1.71406524664 0.0709859630227 
0 42.44334 -0.558412014302 3.71237284162 1.706541333 0.191860752307 
0 8588.82584 -0.586946217061 3.76013739102 1.72103415432 8.66753857524e-05 
0 4.89883 1.98801047503 0.242704212256 -0.0356066807098 2.34262505925 
0 8588.82584 2.34309753514 -0.835594125115 -0.225101840907 8.69231816246e-05 
0 3.17916 -0.203983252918 3.12084711326 1.52647546884 5.11163241471 
0 299.62184 -0.583044373148 3.75348314529 1.71905568698 0.0124175231955 
0 10.18958 3.43476432941 -1.07736593857 -0.372862808143 0.770962752193 
0 10.18958 -0.579106573423 3.47698553553 0.62966997556 0.797507290343 
0 1302.32479 2.34642215422 -0.842174720033 -0.22495189761 0.001444701198 
0 1302.32479 -0.592635464621 3.75819534989 1.71706069155 0.00144062269888 
0 1302.32479 -0.581521046002 3.76012374057 1.7166416115 0.00144069871197 
0 1302.32479 2.34864250666 -0.831212510683 -0.226476540807 0.00144483335547 
0 34.19084 -1.95054892172 3.17611235382 0.675024805722 0.101059299289 
0 34.19084 3.10189669352 -2.42403347828 -0.169791406286 0.098898332625 
0 2.31758 0.859455949004 1.77711357317 0.0577528652102 5.21664687751 
0 10.78716 2.18192990759 -0.345985008103 -0.139064213245 0.977215517491 
0 4.01211 1.9094959544 0.481053981156 0.00628142954906 2.89395995078 
0 34.770661 0.880539349287 3.60469999043 0.555237818516 0.102412154873 
0 4.645701 -0.0158451823152 2.86429262954 1.34170584176 2.58626280163 
0 4.645701 1.77199791322 0.0602267467245 0.154278843807 2.54723944181 
0 2.31758 1.99620180698 0.622506023791 0.199054302208 6.2585659054 
0 1297.55584 -0.586170860378 3.75870111244 1.72064408411 0.0014495813119 
0 8593.59479 2.34374115856 -0.83672227435 -0.225108356504 8.68483844743e-05 
0 8593.59479 -0.587946991711 3.75995369972 1.72050566625 8.66016246946e-05 
0 8593.59479 -0.58626264619 3.76024593958 1.72044215635 8.66023037093e-05 
0 8593.59479 2.34407764406 -0.835060995533 -0.22533941006 8.68495677408e-05 
0 26.83769 2.27841624141 -0.638892551595 -0.190540426266 0.327899177166 
0 10.534031 -0.335171487148 3.36512628721 1.5537919451 1.02975168509 
0 10.534031 2.09132421806 -0.440606910939 -0.0578072595316 1.02518020618 
0 35.02379 0.93661332233 3.6109688848 0.538262911422 0.0998431472102 
0 35.02379 3.62335441783 0.436191433589 -0.529881976022 0.0984461351473 
0 43.49337 2.97217278925 -2.11478825 -0.188434027096 0.0778230208349 
0 43.49337 -1.68693596898 3.34779240091 0.912995566908 0.0799720062578 
0 43.49337 0.525179488954 3.7316022062 0.829585585493 0.082919878594 
0 43.49337 3.41409207796 0.0670328227487 -0.49188550743 0.0809043854411 
0 3.758981 0.118912495941 2.6529377243 1.25220419268 3.24633024244 
0 3.758981 1.63724023497 0.271581651967 0.243780492885 3.19003572694 
0 2.064451 1.51110610322 0.258439794393 0.655132393225 7.22174055131 
0 8588.82584 -0.586967749119 3.76003108406 1.72104893968 8.66754066342e-05 
0 6.000451 3.06868446065 0.842395538177 -0.222265937465 1.38590304596 
0 6.000451 -1.34415172348 2.61678845746 0.546130331425 1.38724506252 
0 88.53589 2.32360565277 -0.776075911665 -0.214649330331 0.0689540709025 
0 43.27629 2.30304816638 -0.713668702276 -0.203681750711 0.178777242775 
0 26.584561 -0.487280060773 3.60369446069 1.65481749224 0.335368304451 
0 26.584561 2.24343279168 -0.679175084428 -0.15883280668 0.335676895766 
0 300.45479 2.33747001451 -0.818164526486 -0.222046075654 0.0123676841097 
1 3.758981 2.3432622945 -0.835748389804 -0.225136302294 4.8976331965 0.0310309450845 0.0747459114685 0.0227634939395 
1 3.758981 -0.587109563596 3.76026776607 1.72112098786 4.87054658898 0.0579564409215 -0.107544105445 -0.126289096299 
1 3.108931 2.3432622945 -0.835748389804 -0.225136302294 6.27017415155 0.0394099354909 0.0997793478182 0.0305133145331 
1 3.108931 -0.587109563596 3.76026776607 1.72112098786 6.23416461012 0.0770392415691 -0.142500172275 -0.166053931675 
1 1.161272 2.3432622945 -0.835748389804 -0.225136302294 22.1689155258 0.0947784089169 0.454096005833 0.144166445491 
1 1.161272 -0.587109563596 3.76026776607 1.72112098786 22.0112918016 0.336870294457 -0.603958406636 -0.649431523073 
1 10.534031 2.3432622945 -0.835748389804 -0.225136302294 1.26392955863 0.00750591698983 0.0157376321526 0.00473198667542 
1 10.534031 -0.587109563596 3.76026776607 1.72112098786 1.25815471518 0.0123608969981 -0.0231561458536 -0.0278122979755 
1 1.231501 2.55697505285 -1.27038438147 -0.212664345576 19.5834352397 -1.37480285921 3.3224203387 0.0147049138359 
1 1.231501 -0.960846266599 3.62010275249 1.44650844086 19.6941575446 2.88846747511 0.431848252806 1.35546493168 
1 1.231501 -0.209137875289 3.75052679987 1.41816453922 19.8841645893 -2.25907971452 -0.547019042347 1.52203733295 
1 1.231501 2.7071455317 -0.52897045443 -0.315781487723 19.8591305025 -2.48586693086 -1.6908091761 0.768333790419 
1 1.008402 2.42555681358 -1.00311397052 -0.220333717329 26.2609455498 -0.581732069742 1.91736170546 0.122156298879 
1 1.008402 -0.731024613274 3.70629432774 1.61537574521 26.208477396 1.62381661664 -0.281681000989 0.129378434707 
1 1.008402 -0.441563745209 3.75651680551 1.60446133949 26.3030213435 -0.781426726556 -0.740776127446 0.205310055664 
1 1.008402 2.48338306332 -0.717617198902 -0.260041106289 26.4142943354 -1.10761948113 -0.417887308526 0.479239140066 
1 3.17916 2.42604751941 -1.00411193815 -0.220305080471 5.99024068404 -0.367455929326 0.913028799321 0.00273867845846 
1 3.17916 -0.731882750062 3.70597249487 1.61474520739 5.98099080634 0.784435034154 0.130077197848 0.367193731456 
1 3.17916 -0.440695884472 3.75649443928 1.60376572123 5.99798521264 -0.63922910113 -0.124447186333 0.418220126345 
1 3.17916 2.48421857556 -0.71691280613 -0.260249236686 6.01780610995 -0.660032382652 -0.484458504844 0.202914741042 
1 2.956061 2.37133544916 -0.892841861935 -0.223497995004 6.6786869223 -0.106087698725 0.405913455063 0.0230898320889 
1 2.956061 -0.636203348848 3.74185579042 1.68504808064 6.64980767148 0.342539031286 -0.0557109699171 0.0142657232699 
1 2.956061 -0.537459473712 3.75898819974 1.68132484605 6.65611093741 -0.177642153436 -0.148724664868 0.0328678147678 
1 2.956061 2.39106173556 -0.795450260243 -0.237043388838 6.68940730541 -0.213162714718 -0.104499833096 0.0963675059933 
1 0.581451 2.79590142594 -1.75629828716 -0.198720960037 46.759058254 -3.65793570986 8.42348743449 0.0479657591889 
1 0.581451 -1.37867604725 3.46340121259 1.13949738373 47.773393968 7.51168211636 0.964939389158 3.58869399157 
1 0.581451 0.213426529939 3.73963660435 1.07946559565 49.0966484036 -5.47407828373 -1.90279613446 3.91823249998 
1 0.581451 3.11395934463 -0.185999168991 -0.417120900311 48.3405941249 -6.73410299358 -4.04724660736 2.08822768613 
1 0.358352 2.57483894992 -1.30671488733 -0.211621835279 92.4045470645 -3.10402958612 8.04816424349 0.577732655008 
1 0.358352 -0.992086301345 3.60838659013 1.42355403087 93.2297500143 6.9886375785 -1.28354076112 1.16102639276 
1 0.358352 -0.177543845104 3.74971256857 1.39284090923 94.5459152397 -2.85320678591 -3.58219702362 1.34520865585 
1 0.358352 2.73756193149 -0.503327392661 -0.323358369308 94.2830425452 -5.62974116479 -1.23333363144 2.24787044135 
1 9.883981 2.3432622945 -0.835748389804 -0.225136302294 1.37512031662 0.00822338241024 0.0173231270537 0.0052111346446 
1 9.883981 -0.587109563596 3.76026776607 1.72112098786 1.36876654244 0.0135998976846 -0.0254685955079 -0.0305655849563 
1 2.064451 2.79664085671 -1.75780209643 -0.198677807964 8.31499273383 -1.24855869342 2.73671659401 -0.0391987982795 
1 2.064451 -1.37996914936 3.46291625173 1.13854724407 8.46686958503 2.39897361413 0.615545013424 1.44618327843 
1 2.064451 0.214734284792 3.73960290131 1.07841738813 8.66515504165 -2.10816380097 -0.258823385113 1.5920665706 
1 2.064451 3.11521835446 -0.184937739402 -0.417434526132 8.55192397577 -2.22138184721 -1.65801258564 0.617958444129 
1 1.414401 3.00501085529 -2.18157230869 -0.18651764671 12.1380396848 -1.65251301425 3.6030357776 -0.0429322917021 
1 1.414401 -1.74436253831 3.32625532466 0.870799934685 12.5202891697 3.20915602135 0.739533104369 1.88044344871 
1 1.414401 0.583256785585 3.73010545657 0.783034766799 13.0519812253 -2.68178926254 -0.535003084057 2.05051226355 
1 1.414401 3.47000461152 0.114170832562 -0.505813607034 12.6805076021 -2.9961661019 -2.09758394155 0.85007423552 
1 9.95421 2.36970210998 -0.889520076193 -0.223593314234 1.35593072908 -0.0748536159468 0.185409076931 0.00012847793405 
1 9.95421 -0.633346997152 3.74292702739 1.68714685769 1.35116342195 0.158607033571 0.0293289862955 0.0767799552707 
1 9.95421 -0.540348192063 3.75906264687 1.6836402466 1.35212353421 -0.133086402182 -0.0217012513344 0.0876242573183 
1 9.95421 2.38828069079 -0.797794867205 -0.236350616288 1.35756621595 -0.133607572689 -0.101885750807 0.0404353186855 
1 43.023161 2.3432622945 -0.835748389804 -0.225136302294 0.19119037635 0.000953147052311 0.00189707395883 0.000567387522906 
1 43.023161 -0.587109563596 3.76026776607 1.72112098786 0.190490685479 0.00149790191666 -0.00281683980909 -0.00341338663999 
1 4.01211 2.57655047108 -1.31019567482 -0.211521953466 3.95456159055 -0.672781393909 1.47126359625 -0.0250725729381 
1 4.01211 -0.995079376159 3.60726407695 1.42135479303 3.97685569833 1.27316916675 0.364958278906 0.797914302893 
1 4.01211 -0.174516854361 3.74963455793 1.39041467892 4.01234132242 -1.1743348554 -0.0757615362676 0.885116919787 
1 4.01211 2.74047609471 -0.500870557931 -0.324084302349 4.00523041537 -1.176965565 -0.931048800681 0.319370053307 
1 9.731111 2.35179019616 -0.853091916799 -0.224638626716 1.40293906584 -0.0189926010175 0.0732975902489 0.00367333484185 
1 9.731111 -0.602022991664 3.75467468187 1.71016296732 1.39694684222 0.0618541435334 -0.00806329006953 0.00405979955661 
1 9.731111 -0.572027144502 3.75987906676 1.70903194451 1.39726513726 -0.0344688984152 -0.0249145945976 0.00764017408048 
1 9.731111 2.35778253413 -0.823506855495 -0.228753368645 1.40348980498 -0.0383971529769 -0.0215695334125 0.016985758131 
1 0.358352 1.91267828571 0.471393246735 0.00458363092953 90.7649899132 1.61921764061 -7.13490070915 -0.185375519503 
1 1.008402 2.19024728589 -0.371234416471 -0.143501599556 25.7998333172 1.17679355575 -2.84673561433 -0.417574390419 
1 2.956061 2.29106423745 -0.677288594916 -0.197288230988 6.63617793907 0.305954438336 -0.695595014778 -0.110515044002 
1 42.373111 2.3432622945 -0.835748389804 -0.225136302294 0.195205493925 0.000974944363978 0.00194094405504 0.000580523717664 
1 42.373111 -0.587109563596 3.76026776607 1.72112098786 0.194489640641 0.00153250132128 -0.00288185070684 -0.00349201451044 
1 0.358352 1.09813582947 0.330067268288 0.0352967525676 87.5058166556 7.66220561777 -2.98511716364 0.400873665106 
1 5.350401 3.11239411007 -2.39996183204 -0.180250920679 1.58365122134 -0.229732092984 0.496244318571 -0.00671118667292 
1 5.350401 -1.93215227959 3.2558272628 0.732816646607 1.64190411082 0.443687799873 0.105703026312 0.264937117894 
1 5.350401 0.773174460224 3.72521095864 0.630809650417 1.7271778196 -0.372748579533 -0.0767454445588 0.288472081126 
1 5.350401 3.65284332771 0.268316113596 -0.551359671373 1.66421527972 -0.417597380253 -0.293020229392 0.117562282362 
1 10.78716 2.43003006527 -1.01221139737 -0.220072665055 1.16824664697 -0.217558802898 0.470661063019 -0.0090362237457 
1 10.78716 -0.738847348581 3.70336051419 1.60962779151 1.166953567 0.404855138185 0.125338164233 0.263083791318 
1 10.78716 -0.433652366831 3.75631291598 1.5981201156 1.16980701885 -0.384741919689 -0.0129225394229 0.292410955412 
1 10.78716 2.49099955435 -0.711195986944 -0.261938413368 1.17285985771 -0.376665773785 -0.307005427629 0.10009487121 
1 1.008402 1.90078641782 -0.421456894241 -0.132587193827 25.2796371124 3.20523038331 -2.23724678734 -0.42605877458 
1 42.44334 2.3494632079 -0.848359429801 -0.224774426269 0.194599827406 -0.00823160636533 0.0206411473037 3.69560395722e-05 
1 42.44334 -0.597953599986 3.75620085347 1.71315305635 0.19392666065 0.0176251817884 0.00316446777603 0.00835385190277 
1 42.44334 -0.576142648359 3.75998513022 1.71233065304 0.193952045881 -0.0147433682958 -0.00246266482087 0.00957022095717 
1 42.44334 2.35382043085 -0.826847173872 -0.227766388345 0.194643842913 -0.0147108797678 -0.0112731793197 0.00448510414575 
1 0.581451 1.50164390513 1.7191872705 0.223873684741 41.0412203318 -0.985026808478 -2.4604047835 1.01627722218 
1 42.220241 2.34522784363 -0.839745803895 -0.225021595789 0.196150085135 -0.00195490073056 0.00791635277091 0.000410795026738 
1 42.220241 -0.590546877559 3.75897864687 1.71859533401 0.195443440543 0.00667386088702 -0.000971672938159 0.000263820058937 
1 42.220241 -0.583633299821 3.76017817691 1.71833465078 0.195451538562 -0.00364818079244 -0.00276611366791 0.000651706381276 
1 42.220241 2.34660898463 -0.832926905929 -0.225969980011 0.196164178306 -0.00402109793214 -0.00226082230091 0.00182928230105 
1 6.000451 3.02907135038 -2.23050507819 -0.185113512227 1.4279414318 -0.21719010179 0.470172069785 -0.00682729433838 
1 6.000451 -1.78643906278 3.31047507997 0.839883138281 1.47295469425 0.417539788399 0.103710656634 0.252043083391 
1 6.000451 0.625810098831 3.72900878611 0.748926919419 1.53626147322 -0.357806555345 -0.0609439363477 0.275254252241 
1 6.000451 3.51097179995 0.148708915664 -0.516018744321 1.49141258055 -0.39161503839 -0.281785173813 0.109414841716 
1 2.956061 2.19232036232 -0.694421004236 -0.193564996398 6.59193512135 0.799801058819 -0.592087674813 -0.124038545858 
1 9.731111 2.32740586858 -0.787612383572 -0.216676775164 1.40032301916 0.0587609201509 -0.135067548079 -0.0216958659443 
1 0.511222 0.878076365454 1.46225968813 0.747992342782 50.4281652814 0.165735761382 0.652900138734 -0.378932842793 
1 9.731111 2.29741002142 -0.79281676846 -0.215545752348 1.39776462752 0.153616925935 -0.117618823729 -0.0249955112196 
1 1.231501 1.94589367351 0.370559923888 -0.0131370380046 16.8344442689 1.26855831721 -3.71752607071 -0.534687091892 
1 0.581451 -0.0904586720592 1.44295187874 0.283905472819 39.9638803619 2.30055568885 2.72329125953 2.40999446953 
1 1.414401 1.11283452275 2.89951195048 0.431306528349 11.3116909537 -1.54186775649 0.224249834827 1.14054936323 
1 43.27629 2.36489025351 -0.879734015575 -0.223874126976 0.18786827503 -0.029757798528 0.0642728361248 -0.00124578701807 
1 43.27629 -0.624932116423 3.74608291725 1.69332990531 0.187312172596 0.0551762546336 0.0173526985834 0.0361024173408 
1 43.27629 -0.54885842574 3.75928196991 1.69046147224 0.187398646014 -0.0527922140572 -0.00141805217827 0.0401595291092 
1 43.27629 2.38008766609 -0.804702135653 -0.234309691706 0.188016209686 -0.0513704417462 -0.0421804287132 0.0135915594203 
1 42.220241 2.33960763416 -0.824653786631 -0.22318651244 0.196085343349 0.00642537836664 -0.0145761709761 -0.00232600645727 
1 34.120611 3.14493131635 -2.46613402048 -0.178352098018 0.0973122797439 -0.0140426219895 0.0302782637398 -0.000412056249246 
1 34.120611 -1.98905271125 3.23448750754 0.691007607422 0.101035017132 0.0271195670728 0.00644999514593 0.0162131522915 
1 34.120611 0.830719657267 3.72372792211 0.584685326634 0.106574546837 -0.0227302143627 -0.00485394408593 0.0176441633622 
1 34.120611 3.70824359507 0.3150222487 -0.565160162833 0.102428643168 -0.0255726319038 -0.0178769943466 0.00719912808765 
1 1.161272 1.69824951453 0.175894262063 0.203260121794 18.317000447 2.32234333841 -3.13076036006 -1.4632509603 
1 7.94811 2.86101602906 -1.88872440115 -0.194920969255 1.09069975458 -0.192642008741 0.41688514887 -0.00710895717584 
1 7.94811 -1.49254719502 3.4206953428 1.05582766206 1.11373584847 0.365479507056 0.100057569778 0.22770183433 
1 7.94811 0.328588004924 3.73666869943 0.987159974465 1.14414571905 -0.327304836744 -0.034409576338 0.250342484854 
1 7.94811 3.22482831079 -0.0925292064945 -0.444738929855 1.12526776639 -0.34164310223 -0.25915651319 0.0935217801666 
1 3.17916 2.18933488786 -0.368464612133 -0.143014828077 5.59139311229 0.603419592543 -1.63573171763 -0.278039419234 
1 34.770661 3.12994382596 -2.43565337534 -0.179226745526 0.0957124842717 -0.0138474965974 0.0298807600298 -0.000409466298302 
1 34.770661 -1.9628428804 3.24431715838 0.710265947174 0.0992847554946 0.0267355674213 0.00638675697554 0.0159938007013 
1 34.770661 0.804212830577 3.72441104762 0.605931399626 0.104560362132 -0.0224630889953 -0.00467586016705 0.0174117550453 
1 34.770661 3.68272477924 0.293508178157 -0.558803294595 0.100636010744 -0.0251889532244 -0.017668908999 0.00708633206415 
1 1.161272 0.057903216374 2.7486251142 1.29272456377 18.5667070537 -2.0096483869 3.42009873655 1.00976767137 
1 42.220241 2.33269405642 -0.825853316663 -0.222925829216 0.19602105596 0.0167213560346 -0.0127703638558 -0.00270805903665 
1 3.108931 2.10233212236 -0.457871786682 -0.0651183500802 5.79739803836 0.969417493321 -1.35592259263 -0.601191171051 
1 1.414401 -1.21478480114 2.49566181856 0.519071696234 11.7408704124 1.44237421636 1.94207221838 1.88799470491 
1 9.95421 2.29410120044 -0.686508028729 -0.198908474473 1.32633266041 0.148633200001 -0.409373804449 -0.0702663526607 
1 1.231501 1.1941852822 0.240135876504 0.0152068636322 15.5226517784 2.83906169317 -1.95276581979 -0.293832158145 
1 5.350401 0.913170561642 3.50564007309 0.537828811748 1.66203180848 -0.33037253793 -0.0123739504949 0.251088174773 
1 9.883981 2.26747954249 -0.71689018018 -0.174803873266 1.34269664244 0.228607684621 -0.327609249472 -0.142057318896 
1 9.883981 -0.511326811583 3.64140955645 1.67078855883 1.34011385291 -0.206556661878 0.322314904209 0.115509662689 
1 3.995651 -0.399646924586 3.46625002388 1.59661442505 4.26396038027 -0.639475724768 1.01180163746 0.344755790492 
1 3.17916 1.89814802227 -0.418986556539 -0.13203534192 5.34898755681 1.46175236792 -1.21814486115 -0.261748070391 
1 42.44334 2.33173257384 -0.800747141207 -0.218985106229 0.193796911095 0.0177886268661 -0.0491062061035 -0.00840667143929 
1 25.934511 -0.558227766633 3.71496934939 1.70193864152 0.375551199584 -0.0529536431876 0.0822771425414 0.0300008493542 
1 42.373111 2.32558515768 -0.808023442121 -0.213395725299 0.194348820326 0.0268603624597 -0.0386326119624 -0.0166367937801 
1 5.350401 -1.79215617818 3.03625637725 0.639835807939 1.64150715867 0.379751160599 0.184527219861 0.290322847411 
1 2.064451 1.50026903828 1.72336101049 0.224607186946 6.22223266592 -0.138573347187 -0.41088036499 0.152189085492 
1 34.120611 0.852672232531 3.68929734625 0.570105143055 0.105975288696 -0.0224390415132 -0.0039652373924 0.0173532390217 
1 36.71832 3.0882156814 -2.35078921641 -0.181661937589 0.0911514674991 -0.013357858619 0.0288774389292 -0.000405564268317 
1 36.71832 -1.88986951517 3.27168485507 0.763884983058 0.094318009666 0.0257588702563 0.00624698873949 0.0154550344543 
1 36.71832 0.730412570029 3.72631300448 0.665084678921 0.0988986015599 -0.0218129184632 -0.00419550360233 0.0168456111535 
1 36.71832 3.61167533679 0.23360874055 -0.541104513154 0.0955534502816 -0.0242154355063 -0.0171661742676 0.00679542905052 
1 14.72316 2.62276503951 -1.40418404937 -0.20882494042 0.570393540603 -0.145327849448 0.309979483742 -0.00660391894498 
1 14.72316 -1.07589851194 3.57695392766 1.36197087771 0.574685600152 0.268063525116 0.084637692763 0.177634695217 
1 14.72316 -0.0927819191681 3.74752811116 1.32490150304 0.580817115845 -0.254821042107 -0.00888042360064 0.196497136932 
1 14.72316 2.81916445611 -0.434531000123 -0.343685977781 0.578820529299 -0.252329724744 -0.203832795442 0.0665575791602 
1 9.95421 2.20110239535 -0.702643648208 -0.19540186338 1.30657948981 0.393946729799 -0.342522373987 -0.0753621902071 
1 87.632711 -0.578562124261 3.74686190116 1.71544405779 0.0712640457393 -0.00685816385572 0.0106052254471 0.00371936807249 
1 42.373111 -0.569432426766 3.73254281839 1.70938041086 0.193736786079 -0.0243452370795 0.0377685104708 0.0136882766599 
1 299.551611 -0.584609041971 3.75634593009 1.71946022305 0.0124267846079 -0.000590048808509 0.000900300762066 0.000259542009559 
1 42.44334 2.30992162222 -0.804531417958 -0.218162702921 0.19323238726 0.0491305730994 -0.0431041234131 -0.00949115378531 
1 3.108931 -0.346179391449 3.38239116295 1.56110303564 5.81976208591 -0.853392418482 1.36117568212 0.454324963426 
1 1.811322 0.878076365454 1.46225968813 0.747992342782 7.69106078206 0.0250756362749 0.140683839138 -0.0635153198145 
1 34.120611 -1.96710013598 3.20005693168 0.676427423843 0.10114520063 0.0264748932514 0.00742360740933 0.0165985710901 
1 1297.485611 -0.586532266033 3.75936232845 1.72073756567 0.00144973492168 -1.84380801415e-05 2.60873617822e-05 -2.44000860302e-06 
1 47.21229 2.43042526913 -1.0130151389 -0.220049601549 0.147491405917 -0.0694365022378 0.144354529689 -0.00365903184089 
1 47.21229 -0.739538473371 3.70310131697 1.60911996999 0.147352176486 0.124150598469 0.0436587210001 0.0874341460339 
1 47.21229 -0.432953410583 3.7562949027 1.59755987972 0.147665160286 -0.122858294867 0.000663109348646 0.0966985345929 
1 47.21229 2.49167245783 -0.710628684256 -0.262106037084 0.147997307665 -0.118931501346 -0.0991492195849 0.0303144122398 
1 2.064451 -0.0944343958656 1.44667436091 0.284737042884 6.04779023183 0.340940326618 0.501885619931 0.41011205298 
1 4.01211 1.9094959544 0.481053981156 0.00628142954906 2.89395995078 0.282297353162 -0.825925097631 -0.124721721622 
1 6.000451 1.06809743813 3.0353221636 0.455174112563 1.33467750127 -0.214566352926 0.0482650777807 0.157855493079 
1 8588.755611 -0.587022352442 3.76013098347 1.72106306506 8.66764171308e-05 2.06577739054e-07 -4.90864603756e-07 -9.99571584641e-07 
1 3.758981 1.63724023497 0.271581651967 0.243780492885 3.19003572694 0.527825003086 -0.734141954465 -0.337288495585 
1 10.78716 2.18192990759 -0.345985008103 -0.139064213245 0.977215517491 0.187542821606 -0.534633783568 -0.0927411114055 
1 34.770661 0.880539349287 3.60469999043 0.555237818516 0.102412154873 -0.0213751075333 -0.00181659946182 0.0163605615169 
1 4.645701 -0.0158451823152 2.86429262954 1.34170584176 2.58626280163 -0.451556823298 0.757376299575 0.248588671864 
1 10.534031 -0.335171487148 3.36512628721 1.5537919451 1.02975168509 -0.300295065045 0.475946836119 0.180330740463 
1 10.534031 2.09132421806 -0.440606910939 -0.0578072595316 1.02518020618 0.320259927929 -0.474405799815 -0.205578332307 
1 43.49337 2.97217278925 -2.11478825 -0.188434027096 0.0778230208349 -0.0124457585846 0.0269507549342 -0.000421658613332 
1 43.49337 -1.68693596898 3.34779240091 0.912995566908 0.0799720062578 0.0238149910256 0.00615627912843 0.0145553875174 
1 43.49337 0.525179488954 3.7316022062 0.829585585493 0.082919878594 -0.0207730613481 -0.0029770035397 0.0159362539698 
1 43.49337 3.41409207796 0.0670328227487 -0.49188550743 0.0809043854411 -0.0223012657668 -0.0163988692198 0.00618128457937 
1 3.758981 0.118912495941 2.6529377243 1.25220419268 3.24633024244 -0.46674133655 0.806901506314 0.249341425917 
1 43.27629 2.30304816638 -0.713668702276 -0.203681750711 0.178777242775 0.0476145316725 -0.139786034053 -0.0243812049096 
1 4.01211 1.0889334326 0.338683500181 0.0372215436592 2.60823025912 0.525087866032 -0.363377212822 -0.0539153338197 
1 6.000451 -1.34415172348 2.61678845746 0.546130331425 1.38724506252 0.202817237268 0.25642336552 0.257907271278 
1 26.584561 -0.487280060773 3.60369446069 1.65481749224 0.335368304451 -0.134135969082 0.210213394534 0.0840950595165 
1 43.023161 2.28157636893 -0.73899974347 -0.184166525023 0.181460102654 0.0749939406465 -0.114157412862 -0.0486918986718 
1 88.282761 -0.557047935738 3.71311889419 1.70115503637 0.0692536880292 -0.02338684848 0.0365572069944 0.0147039910577 
1 12.48169 2.3432622945 -0.835748389804 -0.225136302294 1.00930774649 0.00587791806373 0.0121889050395 0.00366092031621 
1 12.48169 -0.587109563596 3.76026776607 1.72112098786 1.00483032644 0.00958410595033 -0.0179686389682 -0.0216219403566 
1 19.25674 2.3432622945 -0.835748389804 -0.225136302294 0.566330330897 0.00312493974215 0.00634799369908 0.00190262617397 
1 19.25674 -0.587109563596 3.76026776607 1.72112098786 0.563993783047 0.00500178457835 -0.0093916972508 -0.0113408216361 
1 1.811322 2.3432622945 -0.835748389804 -0.225136302294 12.5893770676 0.0712807425451 0.228166406563 0.0709546270226 
1 1.811322 -0.587109563596 3.76026776607 1.72112098786 12.5084259976 0.17310365946 -0.315925635804 -0.356040686199 
1 35.30727 2.3432622945 -0.835748389804 -0.225136302294 0.250228126498 0.00127796084249 0.00255267536417 0.000763754888931 
1 35.30727 -0.587109563596 3.76026776607 1.72112098786 0.249286970598 0.00201480951292 -0.00378788269737 -0.00458724623926 
1 28.53222 2.3432622945 -0.835748389804 -0.225136302294 0.333891136801 0.00175164629697 0.00351554583077 0.00105236655996 
1 28.53222 -0.587109563596 3.76026776607 1.72112098786 0.332595593602 0.00277343525239 -0.0052122624477 -0.00630704603653 
1 10.534031 2.3432622945 -0.835748389804 -0.225136302294 1.26392955863 0.00750591698983 0.0157376321526 0.00473198667542 
1 10.534031 -0.587109563596 3.76026776607 1.72112098786 1.25815471518 0.0123608969981 -0.0231561458536 -0.0278122979755 
1 6.59336 2.3432622945 -0.835748389804 -0.225136302294 2.34595061149 0.0145689217505 0.031910450747 0.00963551068145 
1 6.59336 -0.587109563596 3.76026776607 1.72112098786 2.33428925732 0.0249577213804 -0.0466094888531 -0.0555760016315 
1 0.511222 2.3432622945 -0.835748389804 -0.225136302294 61.7166882177 -0.0985316078764 1.64537821077 0.550331613849 
1 0.511222 -0.587109563596 3.76026776607 1.72112098786 61.1784839389 1.14970439393 -1.95698925641 -1.7987735457 
1 51.74587 2.3432622945 -0.835748389804 -0.225136302294 0.148488734143 0.00072439367592 0.00143782329166 0.000429907937748 
1 51.74587 -0.587109563596 3.76026776607 1.72112098786 0.147958280294 0.00113560796696 -0.00213597764015 -0.00258956048483 
1 1.161272 2.3432622945 -0.835748389804 -0.225136302294 22.1689155258 0.0947784089169 0.454096005833 0.144166445491 
1 1.161272 -0.587109563596 3.76026776607 1.72112098786 22.0112918016 0.336870294457 -0.603958406636 -0.649431523073 
1 67.7964 2.3432622945 -0.835748389804 -0.225136302294 0.102308833374 0.000484426652077 0.000958452706238 0.000286479863991 
1 67.7964 -0.587109563596 3.76026776607 1.72112098786 0.101955118846 0.000757247746589 -0.00142465787397 -0.00172814392572 
1 13.36841 2.3432622945 -0.835748389804 -0.225136302294 0.921354890797 0.00532175536008 0.0109923808798 0.00330024240829 
1 13.36841 -0.587109563596 3.76026776607 1.72112098786 0.917315458191 0.00864667519598 -0.016215742804 -0.0195256236067 
1 26.584561 2.3432622945 -0.835748389804 -0.225136302294 0.367302757029 0.00194442220016 0.00390957886598 0.00117054124631 
1 26.584561 -0.587109563596 3.76026776607 1.72112098786 0.365862267735 0.0030837116633 -0.00579459369016 -0.00700949127128 
1 4.645701 2.3432622945 -0.835748389804 -0.225136302294 3.71402540211 0.0235000362185 0.0542015011816 0.0164443449006 
1 4.645701 -0.587109563596 3.76026776607 1.72112098786 3.69431001208 0.0421891503039 -0.0785113306632 -0.0928323654197 
1 97.00547 2.3432622945 -0.835748389804 -0.225136302294 0.0621193194885 0.000283825536926 0.000559824769798 0.000167275898743 
1 97.00547 -0.587109563596 3.76026776607 1.72112098786 0.0619126529532 0.000442445098362 -0.000832593582777 -0.0010104962629 
1 90.23042 2.3432622945 -0.835748389804 -0.225136302294 0.0687412000748 0.00031623229379 0.000624080125932 0.000186486063503 
1 90.23042 -0.587109563596 3.76026776607 1.72112098786 0.0685108253974 0.000493200205202 -0.000928066972421 -0.00112626483474 
1 129.4946 2.3432622945 -0.835748389804 -0.225136302294 0.0413721929463 0.000184318630025 0.000362903280856 0.000108415011599 
1 129.4946 -0.587109563596 3.76026776607 1.72112098786 0.0412381981403 0.000286866345527 -0.000539898406766 -0.000655463793355 
1 51.74587 2.3432622945 -0.835748389804 -0.225136302294 0.148488734143 0.00072439367592 0.00143782329166 0.000429907937748 
1 51.74587 -0.587109563596 3.76026776607 1.72112098786 0.147958280294 0.00113560796696 -0.00213597764015 -0.00258956048483 
1 9.883981 2.3432622945 -0.835748389804 -0.225136302294 1.37512031662 0.00822338241024 0.0173231270537 0.0052111346446 
1 9.883981 -0.587109563596 3.76026776607 1.72112098786 1.36876654244 0.0135998976846 -0.0254685955079 -0.0305655849563 
1 44.97082 2.3432622945 -0.835748389804 -0.225136302294 0.179967499184 0.000892470184341 0.00177505175878 0.000530852993972 
1 44.97082 -0.587109563596 3.76026776607 1.72112098786 0.179312766762 0.00140165766545 -0.00263598987659 -0.00319462621064 
1 84.235 2.3432622945 -0.835748389804 -0.225136302294 0.0756657272681 0.000350414865892 0.000691918235468 0.00020676929583 
1 84.235 -0.587109563596 3.76026776607 1.72112098786 0.0754103248258 0.000546780250575 -0.00102884735266 -0.00124844931262 
1 45.85754 2.3432622945 -0.835748389804 -0.225136302294 0.175225335097 0.000866945572363 0.00172376506052 0.000515498661351 
1 45.85754 -0.587109563596 3.76026776607 1.72112098786 0.174589500599 0.00136120206124 -0.00255996604153 -0.0031026524935 
1 3.995651 2.3432622945 -0.835748389804 -0.225136302294 4.52269744332 0.0286721692145 0.0681259520309 0.0207230461806 
1 3.995651 -0.587109563596 3.76026776607 1.72112098786 4.49798102444 0.0528868399507 -0.0982247639861 -0.115593767063 
1 88.282761 2.3432622945 -0.835748389804 -0.225136302294 0.0708689593383 0.000326704728862 0.000644856890685 0.000192697995967 
1 88.282761 -0.587109563596 3.76026776607 1.72112098786 0.0706309191653 0.000509610700061 -0.000958934724989 -0.00116369045663 
1 25.934511 2.3432622945 -0.835748389804 -0.225136302294 0.379760481088 0.00201676239869 0.00405775495437 0.00121499040538 
1 25.934511 -0.587109563596 3.76026776607 1.72112098786 0.378265496133 0.00320036614448 -0.00601349850042 -0.00727345320134 
1 308.92437 2.3432622945 -0.835748389804 -0.225136302294 0.011923623594 5.01625665719e-05 9.84588796684e-05 2.94042438037e-05 
1 308.92437 -0.587109563596 3.76026776607 1.72112098786 0.0118872581536 7.78546685439e-05 -0.000146561154566 -0.000178028353826 
1 43.023161 2.3432622945 -0.835748389804 -0.225136302294 0.19119037635 0.000953147052311 0.00189707395883 0.000567387522906 
1 43.023161 -0.587109563596 3.76026776607 1.72112098786 0.190490685479 0.00149790191666 -0.00281683980909 -0.00341338663999 
1 341.4135 2.3432622945 -0.835748389804 -0.225136302294 0.0103156138534 4.31837108594e-05 8.47428036988e-05 2.5307433774e-05 
1 341.4135 -0.587109563596 3.76026776607 1.72112098786 0.0102843137202 6.7010410701e-05 -0.000126148903375 -0.000153239173361 
1 302.14932 2.3432622945 -0.835748389804 -0.225136302294 0.0123123288351 5.18568357435e-05 0.000101789480897 3.03990733027e-05 
1 302.14932 -0.587109563596 3.76026776607 1.72112098786 0.0122747334404 8.04878614905e-05 -0.000151517557482 -0.000184047313857 
1 0.358352 0.647339800678 2.77499192918 1.06489890899 88.8046141958 -6.87008096872 2.49943983602 2.03932238509 
1 1.008402 -0.148427967778 3.41013402308 1.48792183275 25.4912374111 -2.68311693189 1.79701894068 0.87616895899 
1 87.632711 2.3432622945 -0.835748389804 -0.225136302294 0.0716040659972 0.000330329291841 0.000652049209168 0.000194848431681 
1 87.632711 -0.587109563596 3.76026776607 1.72112098786 0.0713633723012 0.000515291428653 -0.000969619887714 -0.00117664525965 
1 2.956061 -0.437461975611 3.64082653441 1.6415696882 6.58943004125 -0.664479293697 0.453511798946 0.218691145284 
1 300.201661 2.3432622945 -0.835748389804 -0.225136302294 0.0124280155628 5.23616136813e-05 0.000102781829098 3.06954831345e-05 
1 300.201661 -0.587109563596 3.76026776607 1.72112098786 0.012390053707 8.12724133763e-05 -0.000152994296724 -0.000185840620656 
1 42.373111 2.3432622945 -0.835748389804 -0.225136302294 0.195205493925 0.000974944363978 0.00194094405504 0.000580523717664 
1 42.373111 -0.587109563596 3.76026776607 1.72112098786 0.194489640641 0.00153250132128 -0.00288185070684 -0.00349201451044 
1 5.70664 2.3432622945 -0.835748389804 -0.225136302294 2.83633043011 0.0177863186922 0.0396971791196 0.0120078733824 
1 5.70664 -0.587109563596 3.76026776607 1.72112098786 2.82184842717 0.0309928954615 -0.0578049271477 -0.0687130729524 
1 0.511222 0.878076365454 1.46225968813 0.747992342782 50.4281652814 0.165735761382 0.652900138734 -0.378932842793 
1 0.358352 0.484616819111 1.9716044345 1.17663544302 86.234225312 -2.18928604641 5.3356368775 -0.765988895682 
1 1306.85837 2.3432622945 -0.835748389804 -0.225136302294 0.00143854405417 5.77404890259e-06 1.13139930159e-05 3.37825203549e-06 
1 1306.85837 -0.587109563596 3.76026776607 1.72112098786 0.0014343645455 8.94794560671e-06 -1.68466501165e-05 -2.0469740802e-05 
1 1339.3475 2.3432622945 -0.835748389804 -0.225136302294 0.00138715462545 5.56529673765e-06 1.09048130864e-05 3.25607030631e-06 
1 1339.3475 -0.587109563596 3.76026776607 1.72112098786 0.00138312626693 8.62434731782e-06 -1.62374145696e-05 -1.97295250453e-05 
1 12.48169 2.3432622945 -0.835748389804 -0.225136302294 1.00930774649 0.00587791806373 0.0121889050395 0.00366092031621 
1 12.48169 -0.587109563596 3.76026776607 1.72112098786 1.00483032644 0.00958410595033 -0.0179686389682 -0.0216219403566 
1 3.758981 2.3432622945 -0.835748389804 -0.225136302294 4.8976331965 0.0310309450845 0.0747459114685 0.0227634939395 
1 3.758981 -0.587109563596 3.76026776607 1.72112098786 4.87054658898 0.0579564409215 -0.107544105445 -0.126289096299 
1 1300.08332 2.3432622945 -0.835748389804 -0.225136302294 0.00144966144561 5.81922824897e-06 1.14025512379e-05 3.40469568741e-06 
1 1300.08332 -0.587109563596 3.76026776607 1.72112098786 0.00144544922378 9.01798142262e-06 -1.69785057794e-05 -2.0629943897e-05 
1 9.731111 -0.541650478956 3.72398459484 1.69695535102 1.39327067495 -0.129755434775 0.0892129516142 0.0450617190318 
1 0.581451 1.82574196944 1.83445016486 0.438471010603 40.3381326535 -2.17486900829 -2.7771746285 0.084009033142 
1 1.008402 -0.206254217517 3.12463725146 1.52762922171 24.877352241 -1.99220822409 3.54196869174 0.438367578972 
1 299.551611 2.3432622945 -0.835748389804 -0.225136302294 0.0124670330475 5.25319135694e-05 0.000103116628952 3.07954864832e-05 
1 299.551611 -0.587109563596 3.76026776607 1.72112098786 0.0124289475547 8.15371061546e-05 -0.000153492519636 -0.00018644564553 
1 2.956061 -0.457188262007 3.54343493272 1.65511508204 6.53651573937 -0.544771857119 0.919739934077 0.13727170929 
1 1298.135661 2.3432622945 -0.835748389804 -0.225136302294 0.00145288396992 5.8323253206e-06 1.14282235171e-05 3.41236148078e-06 
1 1298.135661 -0.587109563596 3.76026776607 1.72112098786 0.00144866226482 9.0382842068e-06 -1.70167296e-05 -2.06763853702e-05 
1 1.161272 0.057903216374 2.7486251142 1.29272456377 18.5667070537 -2.0096483869 3.42009873655 1.00976767137 
1 3.108931 2.3432622945 -0.835748389804 -0.225136302294 6.27017415155 0.0394099354909 0.0997793478182 0.0305133145331 
1 3.108931 -0.587109563596 3.76026776607 1.72112098786 6.23416461012 0.0770392415691 -0.142500172275 -0.166053931675 
1 44.97082 2.3432622945 -0.835748389804 -0.225136302294 0.179967499184 0.000892470184341 0.00177505175878 0.000530852993972 
1 44.97082 -0.587109563596 3.76026776607 1.72112098786 0.179312766762 0.00140165766545 -0.00263598987659 -0.00319462621064 
1 1.161272 1.69824951453 0.175894262063 0.203260121794 18.317000447 2.32234333841 -3.13076036006 -1.4632509603 
1 42.220241 -0.576631949349 3.75190505761 1.71555118321 0.195353737187 -0.0140570869063 0.00956786362955 0.00477959038743 
1 9.731111 -0.547642816921 3.69439953353 1.70107009295 1.39013423633 -0.109581660882 0.181425620766 0.0312108296175 
1 3.108931 -0.346179391449 3.38239116295 1.56110303564 5.81976208591 -0.853392418482 1.36117568212 0.454324963426 
1 8598.12837 2.3432622945 -0.835748389804 -0.225136302294 8.67825472071e-05 3.42288036224e-07 6.70398863077e-07 2.00165248802e-07 
1 8598.12837 -0.587109563596 3.76026776607 1.72112098786 8.65348835012e-05 5.30226067264e-07 -9.98311301079e-07 -1.21310522383e-06 
1 8630.6175 2.3432622945 -0.835748389804 -0.225136302294 8.62941953311e-05 3.40357182845e-07 6.66616929481e-07 1.99036046446e-07 
1 8630.6175 -0.587109563596 3.76026776607 1.72112098786 8.60479287675e-05 5.27234909762e-07 -9.92679563016e-07 -1.20626183959e-06 
1 1297.485611 2.3432622945 -0.835748389804 -0.225136302294 0.0014539621795 5.83670753327e-06 1.1436813337e-05 3.41492641823e-06 
1 1297.485611 -0.587109563596 3.76026776607 1.72112098786 0.00144973730134 9.0450774191e-06 -1.70295191026e-05 -2.06919244565e-05 
1 1.414401 2.94042687435 0.944764338661 -0.154085368583 11.7254506398 -1.22129726183 -2.65354591868 0.0148092254069 
1 8591.35332 2.3432622945 -0.835748389804 -0.225136302294 8.68849652328e-05 3.42692983661e-07 6.711920278e-07 2.00402070386e-07 
1 8591.35332 -0.587109563596 3.76026776607 1.72112098786 8.66370085117e-05 5.30853386722e-07 -9.99492415344e-07 -1.21454045009e-06 
1 1.231501 0.552113982903 2.85099642156 1.1155200895 15.9903178534 -2.65265655101 1.84623929589 1.03491595695 
1 0.581451 1.50768405075 0.264151046694 0.656870950876 45.280096569 3.5209305572 -3.19967138259 -4.3805696571 
1 42.220241 -0.57801309035 3.74508615964 1.71649956744 0.195275758031 -0.0119766183619 0.0196977760586 0.00334915090356 
1 9.883981 -0.511326811583 3.64140955645 1.67078855883 1.34011385291 -0.206556661878 0.322314904209 0.115509662689 
1 8589.405661 2.3432622945 -0.835748389804 -0.225136302294 8.69144451658e-05 3.42809543799e-07 6.71420332477e-07 2.00470237154e-07 
1 8589.405661 -0.587109563596 3.76026776607 1.72112098786 8.66664041032e-05 5.31033954468e-07 -9.99832387485e-07 -1.21495356586e-06 
1 9.883981 2.26747954249 -0.71689018018 -0.174803873266 1.34269664244 0.228607684621 -0.327609249472 -0.142057318896 
1 3.17916 -0.145812196764 3.40804624528 1.48653131262 5.41148098946 -1.34281527943 1.02578959785 0.594805427042 
1 3.995651 2.15579965549 -0.541730647609 -0.100629739485 4.2558146163 0.721664381614 -1.01568608799 -0.447345596254 
1 25.934511 2.31438049754 -0.790449973126 -0.205953955952 0.376695018918 0.0581959760282 -0.0839721007947 -0.0361818691052 
1 8588.755611 2.3432622945 -0.835748389804 -0.225136302294 8.69242880893e-05 3.42848461575e-07 6.71496560178e-07 2.00492997073e-07 
1 8588.755611 -0.587109563596 3.76026776607 1.72112098786 8.66762188662e-05 5.31094243483e-07 -9.9994589937e-07 -1.21509149937e-06 
1 42.373111 -0.569432426766 3.73254281839 1.70938041086 0.193736786079 -0.0243452370795 0.0377685104708 0.0136882766599 
1 5.350401 3.5128472263 0.487886999146 -0.458378832705 1.65522831578 -0.348525000836 -0.356180376213 0.0781386505866 
1 9.95421 -0.446168701715 3.64777580839 1.64619810478 1.3068415887 -0.369210500949 0.282216894844 0.173139058948 
1 87.632711 2.33471485517 -0.822342524891 -0.219459372224 0.071487741499 0.00770506991639 -0.0109102583788 -0.00470733228501 
1 1.414401 2.47543311813 -1.35097880259 0.165210591741 15.7253829738 -0.669311888683 3.20363119399 -2.26975271925 
1 42.373111 2.32558515768 -0.808023442121 -0.213395725299 0.194348820326 0.0268603624597 -0.0386326119624 -0.0166367937801 
1 1.231501 0.401943504047 2.10958249452 1.21863723165 14.7346250634 -1.06782327792 2.17334292349 0.172991168962 
1 42.44334 -0.554054791357 3.73388509755 1.70354937092 0.192700241826 -0.046213606088 0.0352818055469 0.0218928352003 
1 299.551611 2.34076177288 -0.831826553825 -0.223475537491 0.0124640796179 0.000724178407521 -0.000950094694678 -0.000415482205858 
1 3.108931 2.10233212236 -0.457871786682 -0.0651183500802 5.79739803836 0.969417493321 -1.35592259263 -0.601191171051 
1 1.811322 0.878076365454 1.46225968813 0.747992342782 7.69106078206 0.0250756362749 0.140683839138 -0.0635153198145 
1 34.120611 3.68629101981 0.349452824565 -0.550579979255 0.102453500684 -0.0248661311427 -0.0187451292824 0.00675872593633 
1 3.17916 -0.203983252918 3.12084711326 1.52647546884 5.11163241471 -0.897543928039 1.55810480225 0.333713870986 
1 5.350401 2.97239800865 -2.18039094649 -0.0872700820103 1.73259742002 -0.253469750905 0.584608339906 -0.0618476586615 
1 1297.485611 2.34268499694 -0.834842952182 -0.224752880105 0.00145393952526 3.33214251788e-05 -3.1665150116e-05 -1.48444546585e-05 
1 2.064451 1.82968360097 1.83130415142 0.436375675057 6.1121567157 -0.331387196336 -0.462759431169 -0.00342291498205 
1 9.95421 -0.464747282525 3.5560505994 1.65895540684 1.27912507221 -0.290362563743 0.486309873319 0.123550298958 
1 8588.755611 2.34317508335 -0.835611607208 -0.225078379494 8.69243064483e-05 6.6737882349e-07 1.62547613894e-07 -1.50932192917e-08 
1 34.120611 3.12297874108 -2.43170344461 -0.16377191444 0.0986647629051 -0.0141552793598 0.0308707351889 -0.000904160719312 
1 42.44334 -0.558412014302 3.71237284162 1.706541333 0.191860752307 -0.0392059328767 0.0652225029518 0.0171898993824 
1 3.758981 0.118912495941 2.6529377243 1.25220419268 3.24633024244 -0.46674133655 0.806901506314 0.249341425917 
1 4.645701 1.77199791322 0.0602267467245 0.154278843807 2.54723944181 0.505422070868 -0.715653413452 -0.321959256159 
1 10.534031 2.09132421806 -0.440606910939 -0.0578072595316 1.02518020618 0.320259927929 -0.474405799815 -0.205578332307 
1 10.534031 -0.335171487148 3.36512628721 1.5537919451 1.02975168509 -0.300295065045 0.475946836119 0.180330740463 
1 3.758981 1.63724023497 0.271581651967 0.243780492885 3.19003572694 0.527825003086 -0.734141954465 -0.337288495585 
1 2.064451 1.51110610322 0.258439794393 0.655132393225 7.22174055131 0.95487658377 -1.01381008978 -1.10018792544 
1 4.01211 0.656463285946 2.76771001884 1.06004894702 2.70990932389 -0.497965985903 0.372584661402 0.190787334275 
1 6.000451 3.06868446065 0.842395538177 -0.222265937465 1.38590304596 -0.17260265518 -0.360255180437 0.00562866641736 
1 26.584561 2.24343279168 -0.679175084428 -0.15883280668 0.335676895766 0.139230659291 -0.211215960205 -0.0902837714033 
1 43.023161 -0.525423638022 3.66351911974 1.68015121059 0.181107681477 -0.0725196645091 0.113502162595 0.0457305412576 
1 88.282761 2.31320066665 -0.788599517922 -0.205170350802 0.0694331478198 0.0242274113726 -0.03682747217 -0.0156955451154 
2 5.70664 2.3432622945 -0.835748389804 -0.225136302294 2.83633043011 0.0177863186922 0.0396971791196 0.0120078733824 -0.00945661096946 -0.010683786492 0.00147979198604 -4.03751989298 -4.00403722898 -4.07540546624 
2 5.70664 -0.587109563596 3.76026776607 1.72112098786 2.82184842717 0.0309928954615 -0.0578049271477 -0.0687130729524 -0.00262742003699 -0.00755757098537 0.0156285072361 -4.01635311298 -4.05714155185 -4.04341182395 
2 12.48169 2.3432622945 -0.835748389804 -0.225136302294 1.00930774649 0.00587791806373 0.0121889050395 0.00366092031621 -0.00286077796351 -0.00340531695448 0.000345560577889 -2.89298154114 -2.88227485957 -2.90526691672 
2 12.48169 -0.587109563596 3.76026776607 1.72112098786 1.00483032644 0.00958410595033 -0.0179686389682 -0.0216219403566 -0.000647888568431 -0.00237652938424 0.00497145211393 -2.88608521677 -2.89958214702 -2.89483983055 
2 3.758981 2.3432622945 -0.835748389804 -0.225136302294 4.8976331965 0.0310309450845 0.0747459114685 0.0227634939395 -0.018049849349 -0.019393670443 0.00341280034615 -4.81799982238 -4.75741994189 -4.88556210561 
2 3.758981 -0.587109563596 3.76026776607 1.72112098786 4.87054658898 0.0579564409215 -0.107544105445 -0.126289096299 -0.0058618282624 -0.013905245346 0.0284268065084 -4.78043953588 -4.85162137414 -4.82880855408 
2 19.25674 2.3432622945 -0.835748389804 -0.225136302294 0.566330330897 0.00312493974215 0.00634799369908 0.00190262617397 -0.00148322271081 -0.00179278322662 0.000163117536001 -2.35455230388 -2.3489104576 -2.36105143207 
2 19.25674 -0.587109563596 3.76026776607 1.72112098786 0.563993783047 0.00500178457835 -0.0093916972508 -0.0113408216361 -0.000312819022404 -0.00124633743168 0.00261581961836 -2.35089929857 -2.35807896914 -2.35552769378 
2 1.811322 2.3432622945 -0.835748389804 -0.225136302294 12.5893770676 0.0712807425451 0.228166406563 0.0709546270226 -0.0572049223654 -0.0526574488652 0.016006229234 -6.64822341338 -6.48559714445 -6.82044839619 
2 1.811322 -0.587109563596 3.76026776607 1.72112098786 12.5084259976 0.17310365946 -0.315925635804 -0.356040686199 -0.0260524060419 -0.0394853473956 0.0777166751712 -6.55424211387 -6.72098726182 -6.67862370874 
2 10.534031 2.3432622945 -0.835748389804 -0.225136302294 1.26392955863 0.00750591698983 0.0157376321526 0.00473198667542 -0.00370235549432 -0.00437160354377 0.000468120946437 -3.11776430754 -3.10402622087 -3.13349498278 
2 10.534031 -0.587109563596 3.76026776607 1.72112098786 1.25815471518 0.0123608969981 -0.0231561458536 -0.0278122979755 -0.000868567815201 -0.00305717453447 0.00638407135559 -3.10894018231 -3.12617056737 -3.12015372718 
2 3.108931 2.3432622945 -0.835748389804 -0.225136302294 6.27017415155 0.0394099354909 0.0997793478182 0.0305133145331 -0.0242881767414 -0.0253074443915 0.00505724423612 -5.23139033238 -5.1525035446 -5.31854972285 
2 3.108931 -0.587109563596 3.76026776607 1.72112098786 6.23416461012 0.0770392415691 -0.142500172275 -0.166053931675 -0.00855711909722 -0.0183003389916 0.0371427067004 -5.1830934296 -5.27360506942 -5.24558927757 
2 1.161272 2.3432622945 -0.835748389804 -0.225136302294 22.1689155258 0.0947784089169 0.454096005833 0.144166445491 -0.117244138392 -0.0929763745716 0.0416212909372 -8.09457047117 -7.81116338124 -8.37641355387 
2 1.161272 -0.587109563596 3.76026776607 1.72112098786 22.0112918016 0.336870294457 -0.603958406636 -0.649431523073 -0.0661099842998 -0.0731522869838 0.138285564198 -7.94449543655 -8.18630006645 -8.15033562807 
2 51.74587 2.3432622945 -0.835748389804 -0.225136302294 0.148488734143 0.00072439367592 0.00143782329166 0.000429907937748 -0.00033420178604 -0.000411107435433 3.25386507502e-05 -1.30070569224 -1.2994106166 -1.3022041202 
2 51.74587 -0.587109563596 3.76026776607 1.72112098786 0.147958280294 0.00113560796696 -0.00213597764015 -0.00258956048483 -6.44186519256e-05 -0.000284552508542 0.000599456949113 -1.29986223658 -1.30152776885 -1.30092860161 
2 44.97082 2.3432622945 -0.835748389804 -0.225136302294 0.179967499184 0.000892470184341 0.00177505175878 0.000530852993972 -0.000412778436836 -0.000506974244396 4.06554586252e-05 -1.43294658074 -1.43134964892 -1.4347935492 
2 44.97082 -0.587109563596 3.76026776607 1.72112098786 0.179312766762 0.00140165766545 -0.00263598987659 -0.00319462621064 -8.02357980435e-05 -0.000351043466846 0.000739286917581 -1.43190706629 -1.43395890529 -1.43322155329 
2 0.511222 2.3432622945 -0.835748389804 -0.225136302294 61.7166882177 -0.0985316078764 1.64537821077 0.550331613849 -0.441156942439 -0.249139934423 0.216249989229 -11.3135570761 -10.5856091543 -11.893833478 
2 0.511222 -0.587109563596 3.76026776607 1.72112098786 61.1784839389 1.14970439393 -1.95698925641 -1.7987735457 -0.335515738321 -0.223131264953 0.37916088875 -11.0359866017 -11.2701149111 -11.4794160036 
2 84.235 2.3432622945 -0.835748389804 -0.225136302294 0.0756657272681 0.000350414865892 0.000691918235468 0.00020676929583 -0.000160634500986 -0.000198388825431 1.51746156344e-05 -0.897665809797 -0.897040698704 -0.898389786697 
2 84.235 -0.587109563596 3.76026776607 1.72112098786 0.0754103248258 0.000546780250575 -0.00102884735266 -0.00124844931262 -3.02935455539e-05 -0.000137181670225 0.000289239459495 -0.897258155661 -0.898063970185 -0.897773297195 
2 9.883981 2.3432622945 -0.835748389804 -0.225136302294 1.37512031662 0.00822338241024 0.0173231270537 0.0052111346446 -0.00407937224387 -0.00480035370539 0.000525462570647 -3.204744165 -3.18966182664 -3.22199862466 
2 9.883981 -0.587109563596 3.76026776607 1.72112098786 1.36876654244 0.0135998976846 -0.0254685955079 -0.0305655849563 -0.000970935558743 -0.00335994238444 0.00701109649017 -3.19506817116 -3.21394347631 -3.20736971411 
2 43.023161 2.3432622945 -0.835748389804 -0.225136302294 0.19119037635 0.000953147052311 0.00189707395883 0.000567387522906 -0.000441225219399 -0.000541620078369 4.3629556146e-05 -1.47604540532 -1.47433939517 -1.47801826699 
2 43.023161 -0.587109563596 3.76026776607 1.72112098786 0.190490685479 0.00149790191666 -0.00281683980909 -0.00341338663999 -8.60132507667e-05 -0.000375083444432 0.00078982404413 -1.47493508443 -1.47712637275 -1.47633919963 
2 42.373111 2.3432622945 -0.835748389804 -0.225136302294 0.195205493925 0.000974944363978 0.00194094405504 0.000580523717664 -0.000451454417294 -0.000554070799529 4.47034899717e-05 -1.49101295743 -1.48926774905 -1.49303105299 
2 42.373111 -0.587109563596 3.76026776607 1.72112098786 0.194489640641 0.00153250132128 -0.00288185070684 -0.00349201451044 -8.80972104657e-05 -0.000383724039689 0.000807986044588 -1.48987719683 -1.49211857906 -1.49131351654 
2 0.511222 0.878076365454 1.46225968813 0.747992342782 50.4281652814 0.165735761382 0.652900138734 -0.378932842793 -4.57225600525 -1.92035438146 2.81601847844 -1.88790657994 2.20971152517 -3.9495950861 
2 1.161272 0.057903216374 2.7486251142 1.29272456377 18.5667070537 -2.0096483869 3.42009873655 1.00976767137 -2.1590060638 -0.952691740343 1.34540656572 -2.70643224947 -0.868399853067 -3.75139099095 
2 1.161272 1.69824951453 0.175894262063 0.203260121794 18.317000447 2.32234333841 -3.13076036006 -1.4632509603 -2.28871085411 -1.03387489007 1.47442923564 -2.58916717788 -0.61800832931 -3.65135624072 
2 3.108931 -0.346179391449 3.38239116295 1.56110303564 5.81976208591 -0.853392418482 1.36117568212 0.454324963426 -0.852072069969 -0.38535431261 0.570481689808 -3.3580406072 -2.68221056954 -3.7488198305 
2 3.108931 2.10233212236 -0.457871786682 -0.0651183500802 5.79739803836 0.969417493321 -1.35592259263 -0.601191171051 -0.876252156084 -0.39614498835 0.574544168907 -3.37743974155 -2.56582747381 -3.77809311802 
2 9.883981 -0.511326811583 3.64140955645 1.67078855883 1.34011385291 -0.206556661878 0.322314904209 0.115509662689 -0.216410726253 -0.0953818661141 0.148470540741 -2.77153954236 -2.59234686447 -2.86277910701 
2 9.883981 2.26747954249 -0.71689018018 -0.174803873266 1.34269664244 0.228607684621 -0.327609249472 -0.142057318896 -0.219601074295 -0.0970088245302 0.144202856809 -2.77972048534 -2.56814127323 -2.87477863315 
2 42.373111 -0.569432426766 3.73254281839 1.70938041086 0.193736786079 -0.0243452370795 0.0377685104708 0.0136882766599 -0.0203978396902 -0.00900602896154 0.0142542799589 -1.45135124091 -1.43476566842 -1.46008692732 
2 42.373111 2.32558515768 -0.808023442121 -0.213395725299 0.194348820326 0.0268603624597 -0.0386326119624 -0.0166367937801 -0.0207576718107 -0.00918229017522 0.0135503101972 -1.45244842709 -1.43191586365 -1.46173380194 
2 1.811322 0.878076365454 1.46225968813 0.747992342782 7.69106078206 0.0250756362749 0.140683839138 -0.0635153198145 -0.904541355093 -0.380320953751 0.555374982944 -0.224095897477 0.641149361134 -0.626660220226 
2 3.758981 0.118912495941 2.6529377243 1.25220419268 3.24633024244 -0.46674133655 0.806901506314 0.249341425917 -0.690969120396 -0.310416398145 0.435199231563 -0.380977068023 0.253527871216 -0.689297316532 
2 3.758981 1.63724023497 0.271581651967 0.243780492885 3.19003572694 0.527825003086 -0.734141954465 -0.337288495585 -0.726767516541 -0.322463538882 0.474061921126 -0.354073934834 0.283874195614 -0.664031436193 
2 10.534031 -0.335171487148 3.36512628721 1.5537919451 1.02975168509 -0.300295065045 0.475946836119 0.180330740463 -0.729306874961 -0.314156305691 0.484965193586 -0.781102853735 -0.12395194119 -1.05731763258 
2 10.534031 2.09132421806 -0.440606910939 -0.0578072595316 1.02518020618 0.320259927929 -0.474405799815 -0.205578332307 -0.733706742013 -0.3154858851 0.48617677632 -0.785198555379 -0.103670611123 -1.06271226261 
2 43.023161 -0.525423638022 3.66351911974 1.68015121059 0.181107681477 -0.0725196645091 0.113502162595 0.0457305412576 -0.191659097586 -0.0815786152387 0.127875323071 -1.07814670793 -0.90226318672 -1.14802283562 
2 43.023161 2.28157636893 -0.73899974347 -0.184166525023 0.181460102654 0.0749939406465 -0.114157412862 -0.0486918986718 -0.192013197372 -0.0817587711591 0.127335727683 -1.07912655236 -0.899490882668 -1.14946047848 
