936

0 13.16692 0.0 0.0 0.0 2.56641437758 
0 13.16692 0.0 0.0 1.32280829302 2.56641437758 
0 5.12936 0.0 0.0 0.0 1.12028519709 
0 5.12936 0.0 0.0 1.32280829302 1.12028519709 
0 9.14814 0.0 0.0 0.0 3.28886640874 
0 9.14814 0.0 0.0 1.32280829302 3.28886640874 
0 249.076 0.0 0.0 0.0 44.7135844038 
0 249.076 0.0 0.0 1.32280829302 44.7135844038 
0 99.027 0.0 0.0 0.0 37.8206477084 
0 99.027 0.0 0.0 1.32280829302 37.8206477084 
0 174.0515 0.0 0.0 0.0 80.7842976866 
0 174.0515 0.0 0.0 1.32280829302 80.7842976866 
0 1.119526 0.0 0.0 0.0 0.0848617456937 
0 1.119526 0.0 0.0 1.32280829302 0.0848617456937 
0 3.124443 0.0 0.0 0.0 -0.313930846961 
0 3.124443 0.0 0.0 1.32280829302 -0.313930846961 
0 56.09696 0.0 0.0 0.0 -8.80548024104 
0 56.09696 0.0 0.0 1.32280829302 -8.80548024104 
0 464.446 0.0 0.0 0.0 117.98751996 
0 464.446 0.0 0.0 1.32280829302 117.98751996 
0 0.366546 0.0 0.0 0.0 0.010594165182 
0 0.366546 0.0 0.0 1.32280829302 0.010594165182 
0 0.743036 0.0 0.0 0.0 0.0597811778455 
0 0.743036 0.0 0.0 1.32280829302 0.0597811778455 
0 679.816 0.0 0.0 0.0 77.8345946313 
0 679.816 0.0 0.0 1.32280829302 77.8345946313 
0 0.366546 0.0 0.0 0.66140414651 0.0 
0 7.143223 0.0 0.0 0.0 -0.265850027182 
0 7.143223 0.0 0.0 1.32280829302 -0.265850027182 
0 1.119526 0.0 0.0 0.66140414651 0.0 
0 0.743036 0.0 0.0 0.996531983007 0.0 
0 0.743036 0.0 0.0 0.326276310013 0.0 
0 131.12146 0.0 0.0 0.0 -5.81565048964 
0 131.12146 0.0 0.0 1.32280829302 -5.81565048964 
0 389.4215 0.0 0.0 0.0 106.584375452 
0 389.4215 0.0 0.0 1.32280829302 106.584375452 
0 27.38906 0.0 0.0 0.0 -2.14786388383 
0 27.38906 0.0 0.0 1.32280829302 -2.14786388383 
0 52.07818 0.0 0.0 0.0 -5.81195856819 
0 52.07818 0.0 0.0 1.32280829302 -5.81195856819 
0 70.3191 0.0 0.0 0.0 18.4506923081 
0 70.3191 0.0 0.0 1.32280829302 18.4506923081 
0 2.747953 0.0 0.0 0.0 -0.12536490084 
0 2.747953 0.0 0.0 1.32280829302 -0.12536490084 
0 3.124443 0.0 0.0 1.08581912774 0.0 
0 3.124443 0.0 0.0 0.236989165277 0.0 
0 145.3436 0.0 0.0 0.0 19.7051916116 
0 145.3436 0.0 0.0 1.32280829302 19.7051916116 
0 2.747953 0.0 0.0 1.23458442446 0.0 
0 2.747953 0.0 0.0 0.088223868562 0.0 
0 23.37028 0.0 0.0 0.0 -1.41767348983 
0 23.37028 0.0 0.0 1.32280829302 -1.41767348983 
0 249.076 0.0 0.0 0.0 34.6800867619 
0 249.076 0.0 0.0 1.32280829302 34.6800867619 
0 6.766733 0.0 0.0 0.0 -0.118567973249 
0 6.766733 0.0 0.0 1.32280829302 -0.118567973249 
0 127.10268 0.0 0.0 0.0 -3.97005083915 
0 127.10268 0.0 0.0 1.32280829302 -3.97005083915 
0 7.143223 0.0 0.0 1.21914932304 0.0 
0 7.143223 0.0 0.0 0.103658969981 0.0 
0 174.0515 0.0 0.0 0.0 32.4722348644 
0 174.0515 0.0 0.0 1.32280829302 32.4722348644 
0 346.49146 0.0 0.0 0.0 -7.67299454267 
0 346.49146 0.0 0.0 1.32280829302 -7.67299454267 
0 6.766733 0.0 0.0 1.28698080518 0.0 
0 6.766733 0.0 0.0 0.0358274878419 0.0 
0 41.6112 0.0 0.0 0.0 2.25027906232 
0 41.6112 0.0 0.0 1.32280829302 2.25027906232 
0 1370.708 0.0 0.0 0.0 115.601375669 
0 1370.708 0.0 0.0 1.32280829302 115.601375669 
0 1155.338 0.0 0.0 0.0 87.6186205103 
0 1155.338 0.0 0.0 1.32280829302 87.6186205103 
0 464.446 0.0 0.0 0.0 45.7558646169 
0 464.446 0.0 0.0 1.32280829302 45.7558646169 
0 50.073263 0.0 0.0 0.0 0.37018488248 
0 50.073263 0.0 0.0 1.32280829302 0.37018488248 
0 5.12936 0.0 0.0 0.66140414651 0.0 
0 360.7136 0.0 0.0 0.0 25.9984378304 
0 360.7136 0.0 0.0 1.32280829302 25.9984378304 
0 131.12146 0.0 0.0 0.0 -3.78012593393 
0 131.12146 0.0 0.0 1.32280829302 -3.78012593393 
0 1080.3135 0.0 0.0 0.0 79.1505402282 
0 1080.3135 0.0 0.0 1.32280829302 79.1505402282 
0 21.365363 0.0 0.0 0.0 0.0902968058135 
0 21.365363 0.0 0.0 1.32280829302 0.0902968058135 
0 342.47268 0.0 0.0 0.0 -5.23796580918 
0 342.47268 0.0 0.0 1.32280829302 -5.23796580918 
0 125.097763 0.0 0.0 0.0 0.249522372829 
0 125.097763 0.0 0.0 1.32280829302 0.249522372829 
0 2061.6 0.0 0.0 0.0 42.9233238763 
0 2061.6 0.0 0.0 1.32280829302 42.9233238763 
0 145.3436 0.0 0.0 0.0 7.92074237672 
0 145.3436 0.0 0.0 1.32280829302 7.92074237672 
0 249.076 0.0 0.0 0.0 6.97004216598 
0 249.076 0.0 0.0 1.32280829302 6.97004216598 
0 49.696773 0.0 0.0 0.0 0.175285056669 
0 49.696773 0.0 0.0 1.32280829302 0.175285056669 
0 127.10268 0.0 0.0 0.0 -2.49502976659 
0 127.10268 0.0 0.0 1.32280829302 -2.49502976659 
0 50.073263 0.0 0.0 1.3080207778 0.0 
0 50.073263 0.0 0.0 0.014787515216 0.0 
0 9.14814 0.0 0.0 0.951959139756 0.0 
0 9.14814 0.0 0.0 0.370849153264 0.0 
0 49.696773 0.0 0.0 1.31793000758 0.0 
0 49.696773 0.0 0.0 0.00487828544293 0.0 
0 20.988873 0.0 0.0 0.0 0.0427561509753 
0 20.988873 0.0 0.0 1.32280829302 0.0427561509753 
0 1155.338 0.0 0.0 0.0 33.9787270666 
0 1155.338 0.0 0.0 1.32280829302 33.9787270666 
0 21.365363 0.0 0.0 1.28815130458 0.0 
0 21.365363 0.0 0.0 0.0346569884409 0.0 
0 1037.38346 0.0 0.0 0.0 -5.69803651471 
0 1037.38346 0.0 0.0 1.32280829302 -5.69803651471 
0 124.721273 0.0 0.0 0.0 0.118222308158 
0 124.721273 0.0 0.0 1.32280829302 0.118222308158 
0 20.988873 0.0 0.0 1.31125764691 0.0 
0 20.988873 0.0 0.0 0.0115506461108 0.0 
0 340.467763 0.0 0.0 0.0 0.329212322576 
0 340.467763 0.0 0.0 1.32280829302 0.329212322576 
0 125.097763 0.0 0.0 1.31688924922 0.0 
0 125.097763 0.0 0.0 0.00591904380037 0.0 
0 3959.558 0.0 0.0 0.0 74.5734704255 
0 3959.558 0.0 0.0 1.32280829302 74.5734704255 
0 124.721273 0.0 0.0 1.32086447832 0.0 
0 124.721273 0.0 0.0 0.00194381470342 0.0 
0 3744.188 0.0 0.0 0.0 56.5220315723 
0 3744.188 0.0 0.0 1.32280829302 56.5220315723 
0 1051.6056 0.0 0.0 0.0 19.306679714 
0 1051.6056 0.0 0.0 1.32280829302 19.306679714 
0 125.097763 0.0 0.0 0.0 0.158917564551 
0 125.097763 0.0 0.0 1.32280829302 0.158917564551 
0 4650.45 0.0 0.0 0.0 55.3789469222 
0 4650.45 0.0 0.0 1.32280829302 55.3789469222 
0 1033.36468 0.0 0.0 0.0 -3.88976171917 
0 1033.36468 0.0 0.0 1.32280829302 -3.88976171917 
0 3669.1635 0.0 0.0 0.0 51.0593445512 
0 3669.1635 0.0 0.0 1.32280829302 51.0593445512 
0 340.091273 0.0 0.0 0.0 0.155978961757 
0 340.091273 0.0 0.0 1.32280829302 0.155978961757 
0 340.467763 0.0 0.0 1.3206334641 0.0 
0 340.467763 0.0 0.0 0.0021748289236 0.0 
0 340.091273 0.0 0.0 1.32209544014 0.0 
0 340.091273 0.0 0.0 0.000712852882546 0.0 
0 124.721273 0.0 0.0 0.0 0.075248546406 
0 124.721273 0.0 0.0 1.32280829302 0.075248546406 
0 125.097763 0.0 0.0 1.31688924922 0.0 
0 125.097763 0.0 0.0 0.00591904380037 0.0 
0 7239.3 0.0 0.0 0.0 17.862245309 
0 7239.3 0.0 0.0 1.32280829302 17.862245309 
0 124.721273 0.0 0.0 1.32086447832 0.0 
0 124.721273 0.0 0.0 0.00194381470342 0.0 
0 52.07818 0.0 0.0 1.25766431193 0.0 
0 52.07818 0.0 0.0 0.0651439810866 0.0 
0 1031.359763 0.0 0.0 0.0 0.24447610704 
0 1031.359763 0.0 0.0 1.32280829302 0.24447610704 
0 3744.188 0.0 0.0 0.0 21.9193896555 
0 3744.188 0.0 0.0 1.32280829302 21.9193896555 
0 13.16692 0.0 0.0 0.66140414651 0.0 
0 23.37028 0.0 0.0 1.17764186913 0.0 
0 23.37028 0.0 0.0 0.145166423891 0.0 
0 3626.23346 0.0 0.0 0.0 -3.67575519802 
0 3626.23346 0.0 0.0 1.32280829302 -3.67575519802 
0 3640.4556 0.0 0.0 0.0 12.4545759109 
0 3640.4556 0.0 0.0 1.32280829302 12.4545759109 
0 127.10268 0.0 0.0 1.29611664519 0.0 
0 127.10268 0.0 0.0 0.026691647831 0.0 
0 16211.908 0.0 0.0 0.0 43.8080489696 
0 16211.908 0.0 0.0 1.32280829302 43.8080489696 
0 1030.983273 0.0 0.0 0.0 0.11583141558 
0 1030.983273 0.0 0.0 1.32280829302 0.11583141558 
0 3622.21468 0.0 0.0 0.0 -2.50925241027 
0 3622.21468 0.0 0.0 1.32280829302 -2.50925241027 
0 15996.538 0.0 0.0 0.0 33.2037641919 
0 15996.538 0.0 0.0 1.32280829302 33.2037641919 
0 16902.8 0.0 0.0 0.0 32.5322612024 
0 16902.8 0.0 0.0 1.32280829302 32.5322612024 
0 1031.359763 0.0 0.0 1.32209034845 0.0 
0 1031.359763 0.0 0.0 0.000717944567056 0.0 
0 1030.983273 0.0 0.0 1.32257314367 0.0 
0 1030.983273 0.0 0.0 0.000235149347847 0.0 
0 15921.5135 0.0 0.0 0.0 29.9947186807 
0 15921.5135 0.0 0.0 1.32280829302 29.9947186807 
0 19491.65 0.0 0.0 0.0 20.9862867515 
0 19491.65 0.0 0.0 1.32280829302 20.9862867515 
0 342.47268 0.0 0.0 1.31290215986 0.0 
0 342.47268 0.0 0.0 0.0099061331635 0.0 
0 3620.209763 0.0 0.0 0.0 0.157709470433 
0 3620.209763 0.0 0.0 1.32280829302 0.157709470433 
0 127.10268 0.0 0.0 1.29611664519 0.0 
0 127.10268 0.0 0.0 0.026691647831 0.0 
0 15996.538 0.0 0.0 0.0 12.8765054105 
0 15996.538 0.0 0.0 1.32280829302 12.8765054105 
0 15878.58346 0.0 0.0 0.0 -2.15931567616 
0 15878.58346 0.0 0.0 1.32280829302 -2.15931567616 
0 31744.0 0.0 0.0 0.0 6.16417790707 
0 31744.0 0.0 0.0 1.32280829302 6.16417790707 
0 3619.833273 0.0 0.0 0.0 0.0747218672282 
0 3619.833273 0.0 0.0 1.32280829302 0.0747218672282 
0 15892.8056 0.0 0.0 0.0 7.31641786666 
0 15892.8056 0.0 0.0 1.32280829302 7.31641786666 
0 3620.209763 0.0 0.0 1.32260375815 0.0 
0 3620.209763 0.0 0.0 0.000204534871458 0.0 
0 3619.833273 0.0 0.0 1.32274131893 0.0 
0 3619.833273 0.0 0.0 6.6974091347e-05 0.0 
0 15874.56468 0.0 0.0 0.0 -1.47405574447 
0 15874.56468 0.0 0.0 1.32280829302 -1.47405574447 
0 1033.36468 0.0 0.0 1.3195252507 0.0 
0 1033.36468 0.0 0.0 0.00328304231662 0.0 
0 106158.908 0.0 0.0 0.0 23.4593039071 
0 106158.908 0.0 0.0 1.32280829302 23.4593039071 
0 105943.538 0.0 0.0 0.0 17.7806867313 
0 105943.538 0.0 0.0 1.32280829302 17.7806867313 
0 106849.8 0.0 0.0 0.0 17.4210954444 
0 106849.8 0.0 0.0 1.32280829302 17.4210954444 
0 109438.65 0.0 0.0 0.0 11.2382014348 
0 109438.65 0.0 0.0 1.32280829302 11.2382014348 
0 27.38906 0.0 0.0 1.00484719889 0.0 
0 27.38906 0.0 0.0 0.317961094129 0.0 
0 15872.559763 0.0 0.0 0.0 0.0926461403002 
0 15872.559763 0.0 0.0 1.32280829302 0.0926461403002 
0 105868.5135 0.0 0.0 0.0 16.0622359975 
0 105868.5135 0.0 0.0 1.32280829302 16.0622359975 
0 121691.0 0.0 0.0 0.0 6.60186090276 
0 121691.0 0.0 0.0 1.32280829302 6.60186090276 
0 15872.183273 0.0 0.0 0.0 0.0438952244003 
0 15872.183273 0.0 0.0 1.32280829302 0.0438952244003 
0 56.09696 0.0 0.0 1.16756537995 0.0 
0 56.09696 0.0 0.0 0.15524291307 0.0 
0 105943.538 0.0 0.0 0.0 6.89539618384 
0 105943.538 0.0 0.0 1.32280829302 6.89539618384 
0 3622.21468 0.0 0.0 1.32187168924 0.0 
0 3622.21468 0.0 0.0 0.000936603783225 0.0 
0 15872.559763 0.0 0.0 1.32276164275 0.0 
0 15872.559763 0.0 0.0 4.66502662193e-05 0.0 
0 105825.58346 0.0 0.0 0.0 -1.1563181623 
0 105825.58346 0.0 0.0 1.32280829302 -1.1563181623 
0 15872.183273 0.0 0.0 1.32279301881 0.0 
0 15872.183273 0.0 0.0 1.52742089804e-05 0.0 
0 105839.8056 0.0 0.0 0.0 3.91795741382 
0 105839.8056 0.0 0.0 1.32280829302 3.91795741382 
0 105821.56468 0.0 0.0 0.0 -0.789360003446 
0 105821.56468 0.0 0.0 1.32280829302 -0.789360003446 
0 211638.0 0.0 0.0 0.0 1.76765531578 
0 211638.0 0.0 0.0 1.32280829302 1.76765531578 
0 131.12146 0.0 0.0 1.25639158682 0.0 
0 131.12146 0.0 0.0 0.0664167061957 0.0 
0 105819.559763 0.0 0.0 0.0 0.0496122062553 
0 105819.559763 0.0 0.0 1.32280829302 0.0496122062553 
0 15874.56468 0.0 0.0 1.32259458133 0.0 
0 15874.56468 0.0 0.0 0.000213711685412 0.0 
0 346.49146 0.0 0.0 1.2976744687 0.0 
0 346.49146 0.0 0.0 0.0251338243221 0.0 
0 131.12146 0.0 0.0 1.25639158682 0.0 
0 131.12146 0.0 0.0 0.0664167061957 0.0 
0 105819.183273 0.0 0.0 0.0 0.0235059865367 
0 105819.183273 0.0 0.0 1.32280829302 0.0235059865367 
0 105819.559763 0.0 0.0 1.32280129564 0.0 
0 105819.559763 0.0 0.0 6.9973749672e-06 0.0 
0 105819.183273 0.0 0.0 1.32280600199 0.0 
0 105819.183273 0.0 0.0 2.29103114188e-06 0.0 
0 1037.38346 0.0 0.0 1.31441346524 0.0 
0 1037.38346 0.0 0.0 0.00839482777638 0.0 
0 105821.56468 0.0 0.0 1.32277623358 0.0 
0 105821.56468 0.0 0.0 3.20594387656e-05 0.0 
0 3626.23346 0.0 0.0 1.32040672247 0.0 
0 3626.23346 0.0 0.0 0.00240157054995 0.0 
0 15878.58346 0.0 0.0 1.3222598401 0.0 
0 15878.58346 0.0 0.0 0.000548452921301 0.0 
0 41.6112 0.0 0.0 0.66140414651 0.0 
0 105825.58346 0.0 0.0 1.32272600049 0.0 
0 105825.58346 0.0 0.0 8.22925345652e-05 0.0 
0 70.3191 0.0 0.0 0.931423587851 0.0 
0 70.3191 0.0 0.0 0.391384705169 0.0 
1 7.300863 0.0 0.0 0.101420768822 0.0 0.0 0.0 0.0 
1 6.924373 0.0 0.0 0.0350118406803 0.0 0.0 0.0 0.0 
1 3.331283 0.0 0.0 0.22227446258 0.0 0.0 0.0 0.0 
1 1.583633 0.0 0.0 0.467569909522 0.0 0.0 0.0 0.0 
1 2.954793 0.0 0.0 0.0820480637008 0.0 0.0 0.0 0.0 
1 7.300863 0.0 0.0 0.101420768822 0.0 0.0 0.0 0.0 
1 1.207143 0.0 0.0 0.200833740731 0.0 0.0 0.0 0.0 
1 6.924373 0.0 0.0 0.0350118406803 0.0 0.0 0.0 0.0 
1 0.941131 0.0 0.0 0.786775845792 0.0 0.0 0.0 0.0 
1 0.564641 0.0 0.0 0.429361389426 0.0 0.0 0.0 0.0 
1 3.58855 0.0 0.0 0.945390191844 0.0 0.0 0.0 0.0 
1 2.946048 0.0 0.0 1.15156982267 0.0 0.0 0.0 0.0 
1 5.3362 0.0 0.0 0.635767020153 0.0 0.0 0.0 0.0 
1 9.30578 0.0 0.0 0.364566965149 0.0 0.0 0.0 0.0 
1 0.29271 0.0 0.0 0.828243122157 0.0 0.0 0.0 0.0 
1 7.60733 0.0 0.0 1.14477161958 0.0 0.0 0.0 0.0 
1 6.964828 0.0 0.0 1.25037624544 0.0 0.0 0.0 0.0 
1 0.6692 0.0 0.0 1.10648406833 0.0 0.0 0.0 0.0 
1 17.433063 0.0 0.0 0.0424744141936 0.0 0.0 0.0 0.0 
1 17.056573 0.0 0.0 0.0142135846566 0.0 0.0 0.0 0.0 
1 9.30578 0.0 0.0 0.364566965149 0.0 0.0 0.0 0.0 
1 2.674117 0.0 0.0 1.26867297614 0.0 0.0 0.0 0.0 
1 9.35498 0.0 0.0 0.930911181506 0.0 0.0 0.0 0.0 
1 6.692897 0.0 0.0 1.30117876979 0.0 0.0 0.0 0.0 
1 45.701063 0.0 0.0 0.0162022300997 0.0 0.0 0.0 0.0 
1 45.324573 0.0 0.0 0.00534886548819 0.0 0.0 0.0 0.0 
1 50.53737 0.0 0.0 1.29600864502 0.0 0.0 0.0 0.0 
1 49.894868 0.0 0.0 1.3126974986 0.0 0.0 0.0 0.0 
1 21.82947 0.0 0.0 1.26076447212 0.0 0.0 0.0 0.0 
1 21.186968 0.0 0.0 1.29899758291 0.0 0.0 0.0 0.0 
1 125.56187 0.0 0.0 1.31202170847 0.0 0.0 0.0 0.0 
1 13.32456 0.0 0.0 0.653579216482 0.0 0.0 0.0 0.0 
1 124.919368 0.0 0.0 1.31876987399 0.0 0.0 0.0 0.0 
1 19.43798 0.0 0.0 0.174533566396 0.0 0.0 0.0 0.0 
1 49.622937 0.0 0.0 1.3198910096 0.0 0.0 0.0 0.0 
1 140.408763 0.0 0.0 0.00527359633904 0.0 0.0 0.0 0.0 
1 13.32456 0.0 0.0 0.653579216482 0.0 0.0 0.0 0.0 
1 140.032273 0.0 0.0 0.00173127979067 0.0 0.0 0.0 0.0 
1 340.93187 0.0 0.0 1.31883569953 0.0 0.0 0.0 0.0 
1 20.915037 0.0 0.0 1.31588675752 0.0 0.0 0.0 0.0 
1 340.289368 0.0 0.0 1.32132579959 0.0 0.0 0.0 0.0 
1 52.28502 0.0 0.0 1.25268898083 0.0 0.0 0.0 0.0 
1 124.647437 0.0 0.0 1.32164690395 0.0 0.0 0.0 0.0 
1 23.57712 0.0 0.0 1.16731052059 0.0 0.0 0.0 0.0 
1 47.70598 0.0 0.0 0.0711143544885 0.0 0.0 0.0 0.0 
1 125.56187 0.0 0.0 1.31202170847 0.0 0.0 0.0 0.0 
1 124.919368 0.0 0.0 1.31876987399 0.0 0.0 0.0 0.0 
1 127.30952 0.0 0.0 1.29401084221 0.0 0.0 0.0 0.0 
1 340.017437 0.0 0.0 1.32238253788 0.0 0.0 0.0 0.0 
1 1031.82387 0.0 0.0 1.32149568167 0.0 0.0 0.0 0.0 
1 124.647437 0.0 0.0 1.32164690395 0.0 0.0 0.0 0.0 
1 590.335763 0.0 0.0 0.0012543016787 0.0 0.0 0.0 0.0 
1 342.67952 0.0 0.0 1.31210969732 0.0 0.0 0.0 0.0 
1 1031.181368 0.0 0.0 1.32231907088 0.0 0.0 0.0 0.0 
1 589.959273 0.0 0.0 0.000410935221094 0.0 0.0 0.0 0.0 
1 142.41368 0.0 0.0 0.023822009044 0.0 0.0 0.0 0.0 
1 127.30952 0.0 0.0 1.29401084221 0.0 0.0 0.0 0.0 
1 1030.909437 0.0 0.0 1.32266786927 0.0 0.0 0.0 0.0 
1 23.45676 0.0 0.0 0.371264210606 0.0 0.0 0.0 0.0 
1 27.5467 0.0 0.0 0.999096814546 0.0 0.0 0.0 0.0 
1 1033.57152 0.0 0.0 1.31926118518 0.0 0.0 0.0 0.0 
1 3620.67387 0.0 0.0 1.3224342235 0.0 0.0 0.0 0.0 
1 3620.031368 0.0 0.0 1.32266893601 0.0 0.0 0.0 0.0 
1 592.34068 0.0 0.0 0.00572741344211 0.0 0.0 0.0 0.0 
1 27.5467 0.0 0.0 0.999096814546 0.0 0.0 0.0 0.0 
1 56.2546 0.0 0.0 1.16429355851 0.0 0.0 0.0 0.0 
1 3619.759437 0.0 0.0 1.32276830026 0.0 0.0 0.0 0.0 
1 56.2546 0.0 0.0 1.16429355851 0.0 0.0 0.0 0.0 
1 3622.42152 0.0 0.0 1.32179621046 0.0 0.0 0.0 0.0 
1 51.72476 0.0 0.0 0.168365314499 0.0 0.0 0.0 0.0 
1 131.2791 0.0 0.0 1.25488291126 0.0 0.0 0.0 0.0 
1 15873.02387 0.0 0.0 1.32272296689 0.0 0.0 0.0 0.0 
1 15872.381368 0.0 0.0 1.32277650971 0.0 0.0 0.0 0.0 
1 131.2791 0.0 0.0 1.25488291126 0.0 0.0 0.0 0.0 
1 346.6491 0.0 0.0 1.29708434629 0.0 0.0 0.0 0.0 
1 131.2791 0.0 0.0 1.25488291126 0.0 0.0 0.0 0.0 
1 15872.109437 0.0 0.0 1.32279917236 0.0 0.0 0.0 0.0 
1 346.6491 0.0 0.0 1.29708434629 0.0 0.0 0.0 0.0 
1 131.2791 0.0 0.0 1.25488291126 0.0 0.0 0.0 0.0 
1 15874.77152 0.0 0.0 1.32257734862 0.0 0.0 0.0 0.0 
1 146.43246 0.0 0.0 0.0594721654254 0.0 0.0 0.0 0.0 
1 1037.5411 0.0 0.0 1.31421375832 0.0 0.0 0.0 0.0 
1 105820.02387 0.0 0.0 1.32279549408 0.0 0.0 0.0 0.0 
1 105819.381368 0.0 0.0 1.32280352568 0.0 0.0 0.0 0.0 
1 1037.5411 0.0 0.0 1.31421375832 0.0 0.0 0.0 0.0 
1 105819.109437 0.0 0.0 1.32280692499 0.0 0.0 0.0 0.0 
1 596.35946 0.0 0.0 0.0146030306701 0.0 0.0 0.0 0.0 
1 3626.3911 0.0 0.0 1.32034932411 0.0 0.0 0.0 0.0 
1 105821.77152 0.0 0.0 1.32277364807 0.0 0.0 0.0 0.0 
1 3626.3911 0.0 0.0 1.32034932411 0.0 0.0 0.0 0.0 
1 37.6789 0.0 0.0 0.730430565151 0.0 0.0 0.0 0.0 
1 15878.7411 0.0 0.0 1.32224671305 0.0 0.0 0.0 0.0 
1 15878.7411 0.0 0.0 1.32224671305 0.0 0.0 0.0 0.0 
1 105825.7411 0.0 0.0 1.32272403013 0.0 0.0 0.0 0.0 
1 105825.7411 0.0 0.0 1.32272403013 0.0 0.0 0.0 0.0 
1 66.3868 0.0 0.0 0.986594751011 0.0 0.0 0.0 0.0 
1 65.9469 0.0 0.0 0.41733303948 0.0 0.0 0.0 0.0 
1 141.4113 0.0 0.0 1.1649698376 0.0 0.0 0.0 0.0 
1 141.4113 0.0 0.0 1.1649698376 0.0 0.0 0.0 0.0 
1 356.7813 0.0 0.0 1.26024856478 0.0 0.0 0.0 0.0 
1 1047.6733 0.0 0.0 1.301503807 0.0 0.0 0.0 0.0 
1 13.32456 0.0 0.0 0.0 0.0 -1.30533905799e-16 6.806692613e-18 4.21639220472e-18 
1 13.32456 0.0 0.0 1.32280829302 0.0 3.02766394503e-16 1.62719846492e-14 1.64429482958e-14 
1 9.30578 0.0 0.0 0.0 0.0 -2.00127754004e-16 1.03994092946e-17 1.40947788061e-18 
1 9.30578 0.0 0.0 1.32280829302 0.0 -4.50907805274e-16 1.70455979746e-14 -4.79491194046e-15 
1 13.32456 0.0 0.0 0.0 0.0 2.4047801986e-16 -1.27169174702e-17 -1.10477959047e-17 
1 13.32456 0.0 0.0 1.32280829302 0.0 -8.85641998253e-16 -8.68088823609e-15 -2.58171064148e-14 
1 56.2546 0.0 0.0 0.0 0.0 4.4007239084e-17 -2.53382074218e-18 3.28911085741e-18 
1 56.2546 0.0 0.0 1.32280829302 0.0 -5.45915641383e-16 -1.20555730479e-14 -8.40451217464e-15 
1 9.30578 0.0 0.0 0.0 0.0 3.68441376354e-16 -1.94300278242e-17 -7.52322821352e-18 
1 9.30578 0.0 0.0 1.32280829302 0.0 -7.83032456782e-17 -8.94386763556e-15 1.51904431129e-14 
1 7.300863 0.0 0.0 0.0 0.0 1.23636452811e-16 -6.38874325213e-18 2.82533206147e-18 
1 7.300863 0.0 0.0 1.32280829302 0.0 4.05605578893e-16 -4.40097512177e-15 4.4174637384e-17 
1 9.35498 0.0 0.0 0.0 0.0 3.86348651936e-17 -2.01461566563e-18 -1.24794966822e-18 
1 9.35498 0.0 0.0 1.32280829302 0.0 -8.96114979872e-17 -4.81611217795e-15 -4.86671326432e-15 
1 5.3362 0.0 0.0 0.0 0.0 7.25227157513e-17 -3.76855977827e-18 -5.10769554188e-19 
1 5.3362 0.0 0.0 1.32280829302 0.0 1.63400917353e-16 -6.17701958871e-15 1.73759025799e-15 
1 131.2791 0.0 0.0 0.0 0.0 1.24186083998e-17 -7.66423766312e-19 2.07950355461e-18 
1 131.2791 0.0 0.0 1.32280829302 0.0 5.48771184162e-17 -4.83815223952e-15 1.84669107163e-15 
1 27.5467 0.0 0.0 0.0 0.0 2.19212993636e-17 -1.26217059237e-18 1.63840280023e-18 
1 27.5467 0.0 0.0 1.32280829302 0.0 -2.71936627953e-16 -6.0052353041e-15 -4.1865345616e-15 
1 56.2546 0.0 0.0 0.0 0.0 -8.09143724293e-17 4.73198398978e-18 -5.02075037236e-18 
1 56.2546 0.0 0.0 1.32280829302 0.0 9.03866028692e-16 6.18814268242e-15 1.14365937275e-14 
1 23.45676 0.0 0.0 0.0 0.0 1.23334679581e-16 -6.52216340749e-18 -5.66611604989e-18 
1 23.45676 0.0 0.0 1.32280829302 0.0 -4.5422185421e-16 -4.45219305156e-15 -1.32408963997e-14 
1 3.331283 0.0 0.0 0.0 0.0 -5.63060759345e-17 2.90953884961e-18 -1.2867027319e-18 
1 3.331283 0.0 0.0 1.32280829302 0.0 -1.84719457777e-16 2.00427652007e-15 -2.01178570752e-17 
1 66.3868 0.0 0.0 0.0 0.0 -6.19051736497e-17 3.62029985279e-18 -3.8412264017e-18 
1 66.3868 0.0 0.0 1.32280829302 0.0 6.91520947173e-16 4.73436344895e-15 8.74979684583e-15 
1 7.300863 0.0 0.0 0.0 0.0 -2.27435510664e-16 1.19373072286e-17 -2.23715598761e-18 
1 7.300863 0.0 0.0 1.32280829302 0.0 -1.17638728035e-16 2.31690350405e-15 -3.35193216791e-15 
1 6.924373 0.0 0.0 0.0 0.0 4.61640570783e-17 -2.38613453946e-18 9.82717172068e-19 
1 6.924373 0.0 0.0 1.32280829302 0.0 1.87719173916e-16 -1.77942517605e-15 -1.43826581587e-15 
1 3.58855 0.0 0.0 0.0 0.0 7.14226171573e-18 -1.69121090988e-19 3.4505237902e-18 
1 3.58855 0.0 0.0 1.32280829302 0.0 -6.59596822893e-17 2.26715074215e-15 1.3299061184e-15 
1 131.2791 0.0 0.0 0.0 0.0 -2.27929928381e-17 1.43095368957e-18 -3.55503171143e-18 
1 131.2791 0.0 0.0 1.32280829302 0.0 -1.63991218084e-16 2.71187073266e-15 -5.25650621516e-15 
1 27.5467 0.0 0.0 0.0 0.0 -4.03058273539e-17 2.35714032016e-18 -2.5009833435e-18 
1 27.5467 0.0 0.0 1.32280829302 0.0 4.50242237686e-16 3.08249576819e-15 5.69690350996e-15 
1 19.43798 0.0 0.0 0.0 0.0 1.59255711377e-16 -8.39846744096e-18 -3.25185263623e-18 
1 19.43798 0.0 0.0 1.32280829302 0.0 -3.38459247357e-17 -3.86591217538e-15 6.56594231628e-15 
1 94.6548 0.0 0.0 0.0 0.0 -5.45644248585e-17 3.19100274883e-18 -3.38573170872e-18 
1 94.6548 0.0 0.0 1.32280829302 0.0 6.09520021276e-16 4.17296008448e-15 7.71224122918e-15 
1 1.583633 0.0 0.0 0.0 0.0 -8.07554638641e-18 1.8380110236e-19 -3.92284910811e-18 
1 1.583633 0.0 0.0 1.32280829302 0.0 3.20254206752e-17 -1.11530484136e-15 -5.98927140324e-16 
1 7.300863 0.0 0.0 1.2213875242 0.0 0.0 0.0 0.0 
1 169.6793 0.0 0.0 0.0 0.0 -2.00095164608e-17 1.25620587035e-18 -3.12089184837e-18 
1 169.6793 0.0 0.0 1.32280829302 0.0 -1.43964638649e-16 2.38069754376e-15 -4.61458257744e-15 
1 141.4113 0.0 0.0 0.0 0.0 -1.91045934484e-17 1.19939442253e-18 -2.97975066395e-18 
1 141.4113 0.0 0.0 1.32280829302 0.0 -1.37453890889e-16 2.27303137416e-15 -4.40588977993e-15 
1 7.60733 0.0 0.0 0.0 0.0 3.06929915905e-18 -7.50348271613e-20 1.47463141362e-18 
1 7.60733 0.0 0.0 1.32280829302 0.0 -1.5477907806e-16 1.42765338747e-15 4.16281061657e-16 
1 346.6491 0.0 0.0 0.0 0.0 6.20504645515e-18 -3.82949113234e-19 1.03903881535e-18 
1 346.6491 0.0 0.0 1.32280829302 0.0 2.74197444782e-17 -2.41741734959e-15 9.22712394088e-16 
1 6.924373 0.0 0.0 1.28779645234 0.0 0.0 0.0 0.0 
1 52.28502 0.0 0.0 0.0 0.0 -9.83899953392e-18 5.66503639407e-19 -7.35369018069e-19 
1 52.28502 0.0 0.0 1.32280829302 0.0 1.22054095029e-16 2.69534694902e-15 1.87905428949e-15 
1 51.72476 0.0 0.0 0.0 0.0 7.02907686854e-17 -3.71710439402e-18 -3.22922679948e-18 
1 51.72476 0.0 0.0 1.32280829302 0.0 -2.58869633381e-16 -2.53738910251e-15 -7.54623751553e-15 
1 2.954793 0.0 0.0 0.0 0.0 -2.24803680302e-17 1.16196855327e-18 -4.78550740464e-19 
1 2.954793 0.0 0.0 1.32280829302 0.0 -9.14130252633e-17 8.66521171911e-16 7.00387853934e-16 
1 37.6789 0.0 0.0 0.0 0.0 -2.66050558151e-17 1.55590032258e-18 -1.65084817295e-18 
1 37.6789 0.0 0.0 1.32280829302 0.0 2.9719573199e-16 2.03469268208e-15 3.76040999046e-15 
1 1.207143 0.0 0.0 0.0 0.0 -3.74612216629e-18 8.54358514695e-20 -1.81923207794e-18 
1 1.207143 0.0 0.0 1.32280829302 0.0 3.47337994648e-17 -5.50624317752e-16 -2.50009975928e-16 
1 3.331283 0.0 0.0 1.10053383044 0.0 0.0 0.0 0.0 
1 6.924373 0.0 0.0 0.0 0.0 -8.49246868916e-17 4.4584563212e-18 -7.00794990099e-19 
1 6.924373 0.0 0.0 1.32280829302 0.0 -1.25966667682e-16 9.60598142163e-16 1.45892696856e-15 
1 0.941131 0.0 0.0 0.0 0.0 -3.45645942809e-18 -1.57172042588e-19 -5.45497461988e-18 
1 0.941131 0.0 0.0 1.32280829302 0.0 -1.99471228961e-17 3.44029899815e-16 2.88934566027e-16 
1 1.583633 0.0 0.0 0.855238383498 0.0 0.0 0.0 0.0 
1 23.57712 0.0 0.0 0.0 0.0 -5.32219978531e-18 3.064382245e-19 -3.97782398159e-19 
1 23.57712 0.0 0.0 1.32280829302 0.0 6.60225946877e-17 1.45799122197e-15 1.01643488259e-15 
1 131.2791 0.0 0.0 0.0 0.0 8.09542762838e-18 -4.66113368359e-19 6.05054065244e-19 
1 131.2791 0.0 0.0 1.32280829302 0.0 -1.00424854138e-16 -2.21770374965e-15 -1.54606654446e-15 
1 2.954793 0.0 0.0 1.24076022932 0.0 0.0 0.0 0.0 
1 7.300863 0.0 0.0 1.2213875242 0.0 0.0 0.0 0.0 
1 264.387 0.0 0.0 0.0 0.0 -1.20017875368e-17 7.53477276076e-19 -1.87192334022e-18 
1 264.387 0.0 0.0 1.32280829302 0.0 -8.63505627071e-17 1.42795185309e-15 -2.76784497887e-15 
1 127.30952 0.0 0.0 0.0 0.0 -2.66105405905e-18 1.64228954537e-19 -4.45595126013e-19 
1 127.30952 0.0 0.0 1.32280829302 0.0 -1.1759045298e-17 1.03671717803e-15 -3.95708167437e-16 
1 1.207143 0.0 0.0 1.12197455229 0.0 0.0 0.0 0.0 
1 0.564641 0.0 0.0 0.0 0.0 -2.0299565763e-18 -9.27583187963e-20 -3.22144908993e-18 
1 0.564641 0.0 0.0 1.32280829302 0.0 2.30205769391e-17 2.13413709493e-16 1.08507685465e-16 
1 346.6491 0.0 0.0 0.0 0.0 -1.13886817959e-17 7.1498623945e-19 -1.77629700598e-18 
1 346.6491 0.0 0.0 1.32280829302 0.0 -8.19393843247e-17 1.35500559602e-15 -2.62645090391e-15 
1 385.0493 0.0 0.0 0.0 0.0 -1.163364241e-17 7.30364969971e-19 -1.81450360559e-18 
1 385.0493 0.0 0.0 1.32280829302 0.0 -8.37018290279e-17 1.38415058479e-15 -2.68294357251e-15 
1 2.946048 0.0 0.0 0.0 0.0 2.05907404093e-18 1.03307203229e-19 3.62991902439e-18 
1 2.946048 0.0 0.0 1.32280829302 0.0 9.45321056317e-17 -4.69857485844e-16 -3.21561355856e-16 
1 47.70598 0.0 0.0 0.0 0.0 8.15486673417e-17 -4.30052914023e-18 -1.66514749508e-18 
1 47.70598 0.0 0.0 1.32280829302 0.0 -1.7331184127e-17 -1.97958354672e-15 3.3621641642e-15 
1 6.924373 0.0 0.0 1.28779645234 0.0 0.0 0.0 0.0 
1 189.3625 0.0 0.0 0.0 0.0 -2.54905272751e-17 1.49072115788e-18 -1.58169149022e-18 
1 189.3625 0.0 0.0 1.32280829302 0.0 2.84745725211e-16 1.94945613607e-15 3.60288037333e-15 
1 65.9469 0.0 0.0 0.0 0.0 -1.91034386203e-17 1.11719541272e-18 -1.18537156857e-18 
1 65.9469 0.0 0.0 1.32280829302 0.0 2.13397801672e-16 1.46098647692e-15 2.70011692287e-15 
1 0.941131 0.0 0.0 0.536032447228 0.0 0.0 0.0 0.0 
1 356.7813 0.0 0.0 0.0 0.0 -9.99048155659e-18 6.27206639582e-19 -1.55821918597e-18 
1 356.7813 0.0 0.0 1.32280829302 0.0 -7.1879601391e-17 1.18865015801e-15 -2.30399881085e-15 
1 0.564641 0.0 0.0 0.893446903594 0.0 0.0 0.0 0.0 
1 17.433063 0.0 0.0 0.0 0.0 -8.59970876656e-17 4.51369117002e-18 -8.45905281134e-19 
1 17.433063 0.0 0.0 1.32280829302 0.0 -4.44811277631e-17 8.76059121854e-16 -1.26742039381e-15 
1 3.58855 0.0 0.0 0.377418101176 0.0 0.0 0.0 0.0 
1 479.757 0.0 0.0 0.0 0.0 -8.7263233626e-18 5.47842255767e-19 -1.36104795445e-18 
1 479.757 0.0 0.0 1.32280829302 0.0 -6.27842253008e-17 1.03824280992e-15 -2.01245941316e-15 
1 6.964828 0.0 0.0 0.0 0.0 7.4128667316e-19 4.07035089298e-20 1.4451267714e-18 
1 6.964828 0.0 0.0 1.32280829302 0.0 -3.57765973122e-17 -2.61167864178e-16 -2.24439128958e-16 
1 131.2791 0.0 0.0 0.0 0.0 -1.48847430498e-17 8.7048028291e-19 -9.23600801269e-19 
1 131.2791 0.0 0.0 1.32280829302 0.0 1.66272235508e-16 1.13835046875e-15 2.10383834032e-15 
1 50.53737 0.0 0.0 0.0 0.0 -7.05968982666e-19 1.83437936755e-20 -3.65855599235e-19 
1 50.53737 0.0 0.0 1.32280829302 0.0 6.4518697463e-17 -6.4357227941e-16 -1.84140427401e-16 
1 2.946048 0.0 0.0 0.171238470348 0.0 0.0 0.0 0.0 
1 5.3362 0.0 0.0 0.687041272867 0.0 0.0 0.0 0.0 
1 9.30578 0.0 0.0 0.958241327871 0.0 0.0 0.0 0.0 
1 0.29271 0.0 0.0 0.0 0.0 -4.08531248654e-19 -1.44546169616e-20 -5.80584587768e-19 
1 0.29271 0.0 0.0 1.32280829302 0.0 -5.51100098725e-18 -2.82027150182e-17 -4.27411135679e-17 
1 169.6793 0.0 0.0 0.0 0.0 -1.30670207807e-17 7.64177380013e-19 -8.10810829778e-19 
1 169.6793 0.0 0.0 1.32280829302 0.0 1.45967098617e-16 9.99335304688e-16 1.84691796292e-15 
1 141.4113 0.0 0.0 0.0 0.0 -1.24760695785e-17 7.29617739449e-19 -7.74142208623e-19 
1 141.4113 0.0 0.0 1.32280829302 0.0 1.39365790342e-16 9.54140733588e-16 1.76339177827e-15 
1 0.29271 0.0 0.0 0.494565170863 0.0 0.0 0.0 0.0 
1 146.43246 0.0 0.0 0.0 0.0 2.32049155447e-17 -1.22711837055e-18 -1.06605656131e-18 
1 146.43246 0.0 0.0 1.32280829302 0.0 -8.54599841775e-17 -8.37661913919e-16 -2.49122050453e-15 
1 7.60733 0.0 0.0 0.178036673442 0.0 0.0 0.0 0.0 
1 342.67952 0.0 0.0 0.0 0.0 -1.30434662596e-18 8.04987339534e-20 -2.18413638454e-19 
1 342.67952 0.0 0.0 1.32280829302 0.0 -5.76383294684e-18 5.08158993854e-16 -1.93960964943e-16 
1 0.6692 0.0 0.0 0.0 0.0 -5.06872009305e-19 -1.78573518749e-20 -7.16831789149e-19 
1 0.6692 0.0 0.0 1.32280829302 0.0 -1.53742635485e-17 -3.2815905469e-17 -3.73409634735e-17 
1 21.82947 0.0 0.0 0.0 0.0 -3.98665610672e-19 1.03588682892e-20 -2.06601209781e-19 
1 21.82947 0.0 0.0 1.32280829302 0.0 3.64341586605e-17 -3.63429756947e-16 -1.03985384262e-16 
1 1037.5411 0.0 0.0 0.0 0.0 1.53953704503e-18 -9.50136877214e-20 2.57796417645e-19 
1 1037.5411 0.0 0.0 1.32280829302 0.0 6.80312592253e-18 -5.99786575312e-16 2.28934613605e-16 
1 17.056573 0.0 0.0 0.0 0.0 -3.11277408068e-17 1.63417349942e-18 -2.56864824693e-19 
1 17.056573 0.0 0.0 1.32280829302 0.0 -4.61710007467e-17 3.52091377468e-16 5.34745575114e-16 
1 6.964828 0.0 0.0 0.0724320475814 0.0 0.0 0.0 0.0 
1 0.6692 0.0 0.0 0.216324224691 0.0 0.0 0.0 0.0 
1 125.56187 0.0 0.0 0.0 0.0 -1.98754154135e-19 5.31617996036e-21 -1.08223676923e-19 
1 125.56187 0.0 0.0 1.32280829302 0.0 1.60682949059e-17 -2.30096579371e-16 -8.1302562359e-17 
1 17.433063 0.0 0.0 1.28033387883 0.0 0.0 0.0 0.0 
1 45.701063 0.0 0.0 0.0 0.0 -4.12263308671e-17 2.16382822556e-18 -4.05520372246e-19 
1 45.701063 0.0 0.0 1.32280829302 0.0 -2.13239045679e-17 4.19975887522e-16 -6.07591418749e-16 
1 17.056573 0.0 0.0 1.30859470836 0.0 0.0 0.0 0.0 
1 160.6546 0.0 0.0 0.0 0.0 -7.32880794596e-18 4.28598786881e-19 -4.54753761524e-19 
1 160.6546 0.0 0.0 1.32280829302 0.0 8.18675389091e-17 5.60490156446e-16 1.0358678745e-15 
1 264.387 0.0 0.0 0.0 0.0 -7.83765102255e-18 4.58356631123e-19 -4.8632755972e-19 
1 264.387 0.0 0.0 1.32280829302 0.0 8.75516461579e-17 5.99405289399e-16 1.10778873804e-15 
1 127.30952 0.0 0.0 0.0 0.0 -1.73468474541e-18 9.98785718111e-20 -1.29650724496e-19 
1 127.30952 0.0 0.0 1.32280829302 0.0 2.15189944904e-17 4.75208604282e-16 3.31290473236e-16 
1 714.314 0.0 0.0 0.0 0.0 -3.46892961915e-18 2.17780862419e-19 -5.41050264368e-19 
1 714.314 0.0 0.0 1.32280829302 0.0 -2.49582842294e-17 4.12727226067e-16 -8.00002449549e-16 
1 9.30578 0.0 0.0 0.958241327871 0.0 0.0 0.0 0.0 
1 929.684 0.0 0.0 0.0 0.0 -3.51654261595e-18 2.2077002641e-19 -5.48476481481e-19 
1 929.684 0.0 0.0 1.32280829302 0.0 -2.53008506223e-17 4.18392137797e-16 -8.10982930057e-16 
1 2.674117 0.0 0.0 0.0 0.0 2.39192819523e-19 9.18277861771e-21 3.72837843677e-19 
1 2.674117 0.0 0.0 1.32280829302 0.0 7.49910388764e-18 3.52250441345e-17 3.97854138946e-17 
1 142.41368 0.0 0.0 0.0 0.0 2.55304549967e-17 -1.34636738104e-18 -5.21308006271e-19 
1 142.41368 0.0 0.0 1.32280829302 0.0 -5.42587672879e-18 -6.19748553828e-16 1.05259330022e-15 
1 1075.9413 0.0 0.0 0.0 0.0 -3.09174601129e-18 1.94101116668e-19 -4.8222079443e-19 
1 1075.9413 0.0 0.0 1.32280829302 0.0 -2.22445204102e-17 3.67850574972e-16 -7.13016594156e-16 
1 2.674117 0.0 0.0 0.0541353168778 0.0 0.0 0.0 0.0 
1 1037.5411 0.0 0.0 0.0 0.0 -2.82565128972e-18 1.77395577983e-19 -4.40717900091e-19 
1 1037.5411 0.0 0.0 1.32280829302 0.0 -2.03300198519e-17 3.36191086784e-16 -6.51649990495e-16 
1 9.35498 0.0 0.0 0.391897111514 0.0 0.0 0.0 0.0 
1 1170.649 0.0 0.0 0.0 0.0 -2.65574432732e-18 1.66728747327e-19 -4.1421744692e-19 
1 1170.649 0.0 0.0 1.32280829302 0.0 -1.91075717985e-17 3.15975851256e-16 -6.12466149645e-16 
1 1047.6733 0.0 0.0 0.0 0.0 -2.52652132735e-18 1.58616072967e-19 -3.94062486753e-19 
1 1047.6733 0.0 0.0 1.32280829302 0.0 -1.81778370629e-17 3.00601122975e-16 -5.82664819592e-16 
1 49.894868 0.0 0.0 0.0 0.0 -1.89147021007e-19 -8.41660377966e-21 -2.85160176601e-19 
1 49.894868 0.0 0.0 1.32280829302 0.0 -9.85136700169e-18 9.64254866432e-17 3.62944497238e-17 
1 639.2895 0.0 0.0 0.0 0.0 -5.89622225287e-18 3.44819201621e-19 -3.65861579133e-19 
1 639.2895 0.0 0.0 1.32280829302 0.0 6.58646274077e-17 4.50929340395e-16 8.33383444853e-16 
1 6.692897 0.0 0.0 0.0 0.0 8.2252097852e-20 3.41425611879e-21 1.39946279028e-19 
1 6.692897 0.0 0.0 1.32280829302 0.0 -6.87032012358e-18 1.85844237048e-17 1.37651892932e-17 
1 45.324573 0.0 0.0 0.0 0.0 -1.47214029503e-17 7.72858098667e-19 -1.21480405904e-19 
1 45.324573 0.0 0.0 1.32280829302 0.0 -2.18358894348e-17 1.66516390484e-16 2.52899981917e-16 
1 340.93187 0.0 0.0 0.0 0.0 -9.65768375279e-20 2.58319052769e-21 -5.25870792907e-20 
1 340.93187 0.0 0.0 1.32280829302 0.0 7.8077618716e-18 -1.11806467937e-16 -3.95058125438e-17 
1 6.692897 0.0 0.0 0.0216295232338 0.0 0.0 0.0 0.0 
1 45.701063 0.0 0.0 1.30660606292 0.0 0.0 0.0 0.0 
1 21.186968 0.0 0.0 0.0 0.0 -1.0865263963e-19 -4.83479048476e-21 -1.6380594175e-19 
1 21.186968 0.0 0.0 1.32280829302 0.0 -5.65896847333e-18 5.53901594414e-17 2.08487965892e-17 
1 45.324573 0.0 0.0 1.31745942753 0.0 0.0 0.0 0.0 
1 124.919368 0.0 0.0 0.0 0.0 -5.97437602564e-20 -2.28317722594e-21 -7.4381479068e-20 
1 124.919368 0.0 0.0 1.32280829302 0.0 -9.03245759439e-18 3.15562636899e-17 3.47715625685e-17 
1 50.53737 0.0 0.0 0.0267996480025 0.0 0.0 0.0 0.0 
1 1620.576 0.0 0.0 0.0 0.0 -1.49810473747e-18 9.40516463403e-20 -2.33659962365e-19 
1 1620.576 0.0 0.0 1.32280829302 0.0 -1.07785766643e-17 1.78241901836e-16 -3.45492007978e-16 
1 49.894868 0.0 0.0 0.0101107944226 0.0 0.0 0.0 0.0 
1 1033.57152 0.0 0.0 0.0 0.0 -3.21144858831e-19 1.98196967256e-20 -5.37759025799e-20 
1 1033.57152 0.0 0.0 1.32280829302 0.0 -1.41912071623e-18 1.25114478849e-16 -4.77553784139e-17 
1 125.56187 0.0 0.0 0.0 0.0 -1.21981425448e-19 3.16954732517e-21 -6.32146575822e-20 
1 125.56187 0.0 0.0 1.32280829302 0.0 1.11479156703e-17 -1.11200160274e-16 -3.181685367e-17 
1 140.408763 0.0 0.0 0.0 0.0 -1.25408607784e-17 6.58226622509e-19 -1.23357437448e-19 
1 140.408763 0.0 0.0 1.32280829302 0.0 -6.48663397428e-18 1.27754738899e-16 -1.84826523059e-16 
1 21.82947 0.0 0.0 0.0620438208978 0.0 0.0 0.0 0.0 
1 21.186968 0.0 0.0 0.0238107101069 0.0 0.0 0.0 0.0 
1 596.35946 0.0 0.0 0.0 0.0 4.4494656364e-18 -2.3529587992e-19 -2.04412811883e-19 
1 596.35946 0.0 0.0 1.32280829302 0.0 -1.63866686846e-17 -1.60618895325e-16 -4.77683273884e-16 
1 714.314 0.0 0.0 0.0 0.0 -2.26535086488e-18 1.32480839955e-19 -1.40565400891e-19 
1 714.314 0.0 0.0 1.32280829302 0.0 2.53054386799e-17 1.73248756145e-16 3.20189067951e-16 
1 125.56187 0.0 0.0 0.0107865845497 0.0 0.0 0.0 0.0 
1 3626.3911 0.0 0.0 0.0 0.0 2.84146404377e-19 -1.75363092559e-20 4.75804888044e-20 
1 3626.3911 0.0 0.0 1.32280829302 0.0 1.25562666754e-18 -1.10700290921e-16 4.22535771407e-17 
1 13.32456 0.0 0.0 0.669229076538 0.0 0.0 0.0 0.0 
1 124.919368 0.0 0.0 0.00403841903117 0.0 0.0 0.0 0.0 
1 19.43798 0.0 0.0 1.14827472662 0.0 0.0 0.0 0.0 
1 610.5816 0.0 0.0 0.0 0.0 -1.50584895839e-18 8.80641219621e-20 -9.34381802829e-20 
1 610.5816 0.0 0.0 1.32280829302 0.0 1.68213097001e-17 1.15163819886e-16 2.12839601112e-16 
1 340.289368 0.0 0.0 0.0 0.0 -2.89361363809e-20 -1.10582807825e-21 -3.60257307757e-20 
1 340.289368 0.0 0.0 1.32280829302 0.0 -4.37475685635e-18 1.52838781135e-17 1.68411675519e-17 
1 49.622937 0.0 0.0 0.0 0.0 -1.97167678029e-20 -6.75610246669e-22 -2.68933075549e-20 
1 49.622937 0.0 0.0 1.32280829302 0.0 2.2029063749e-18 -4.9262125898e-18 -6.18204609368e-18 
1 140.032273 0.0 0.0 0.0 0.0 -4.45323236582e-18 2.33789993439e-19 -3.67478885816e-20 
1 140.032273 0.0 0.0 1.32280829302 0.0 -6.60536838069e-18 5.03712983092e-17 7.65023815046e-17 
1 592.34068 0.0 0.0 0.0 0.0 4.7933299342e-18 -2.52779790678e-19 -9.78753129046e-20 
1 592.34068 0.0 0.0 1.32280829302 0.0 -1.01870559482e-18 -1.16357475616e-16 1.97623856493e-16 
1 49.622937 0.0 0.0 0.002917283416 0.0 0.0 0.0 0.0 
1 3664.7913 0.0 0.0 0.0 0.0 -5.85550682715e-19 3.67611184636e-20 -9.13285613909e-20 
1 3664.7913 0.0 0.0 1.32280829302 0.0 -4.21292501561e-18 6.96678040581e-17 -1.35039344102e-16 
1 140.408763 0.0 0.0 1.31753469668 0.0 0.0 0.0 0.0 
1 3759.499 0.0 0.0 0.0 0.0 -5.33463044758e-19 3.34910346162e-20 -8.32044328035e-20 
1 3759.499 0.0 0.0 1.32280829302 0.0 -3.8381644365e-18 6.34705072875e-17 -1.23026924557e-16 
1 3626.3911 0.0 0.0 0.0 0.0 -5.21519541599e-19 3.27412164578e-20 -8.13416000996e-20 
1 3626.3911 0.0 0.0 1.32280829302 0.0 -3.75223321872e-18 6.20494900084e-17 -1.20272521086e-16 
1 20.915037 0.0 0.0 0.0 0.0 -1.14107255082e-20 -3.90997305053e-22 -1.5564019092e-20 
1 20.915037 0.0 0.0 1.32280829302 0.0 1.27489252882e-18 -2.85095712539e-18 -3.57774822727e-18 
1 13.32456 0.0 0.0 0.669229076538 0.0 0.0 0.0 0.0 
1 1031.82387 0.0 0.0 0.0 0.0 -2.369710805e-20 6.33838781797e-22 -1.29033185584e-20 
1 1031.82387 0.0 0.0 1.32280829302 0.0 1.91579452626e-18 -2.74340102577e-17 -9.69356144202e-18 
1 140.032273 0.0 0.0 1.32107701323 0.0 0.0 0.0 0.0 
1 3636.5233 0.0 0.0 0.0 0.0 -4.69552137835e-19 2.94786809636e-20 -7.32362244848e-20 
1 3636.5233 0.0 0.0 1.32280829302 0.0 -3.37833770161e-18 5.58664984935e-17 -1.08287829878e-16 
1 124.919368 0.0 0.0 0.0 0.0 -3.24323805302e-20 -1.44316571893e-21 -4.88954217221e-20 
1 124.919368 0.0 0.0 1.32280829302 0.0 -1.68917956858e-18 1.65337421598e-17 6.22328281096e-18 
1 340.93187 0.0 0.0 0.00397259348906 0.0 0.0 0.0 0.0 
1 20.915037 0.0 0.0 0.00692153550401 0.0 0.0 0.0 0.0 
1 124.647437 0.0 0.0 0.0 0.0 -6.10322697858e-21 -1.81461851949e-22 -7.0402282419e-21 
1 124.647437 0.0 0.0 1.32280829302 0.0 4.16057262636e-19 -1.579966571e-18 1.67759770576e-19 
1 340.289368 0.0 0.0 0.00148249343216 0.0 0.0 0.0 0.0 
1 52.28502 0.0 0.0 0.0701193121906 0.0 0.0 0.0 0.0 
1 4209.426 0.0 0.0 0.0 0.0 -3.72057491103e-19 2.33579259822e-20 -5.80299475693e-20 
1 4209.426 0.0 0.0 1.32280829302 0.0 -2.67688239085e-18 4.42667546186e-17 -8.58036734477e-17 
1 124.647437 0.0 0.0 0.00116138907183 0.0 0.0 0.0 0.0 
1 23.57712 0.0 0.0 0.155497772428 0.0 0.0 0.0 0.0 
1 47.70598 0.0 0.0 1.25169393853 0.0 0.0 0.0 0.0 
1 125.56187 0.0 0.0 0.0107865845497 0.0 0.0 0.0 0.0 
1 124.919368 0.0 0.0 0.00403841903117 0.0 0.0 0.0 0.0 
1 3622.42152 0.0 0.0 0.0 0.0 -5.91103967739e-20 3.64804263612e-21 -9.89807201006e-21 
1 3622.42152 0.0 0.0 1.32280829302 0.0 -2.61205453861e-19 2.30287556644e-17 -8.78992544487e-18 
1 127.30952 0.0 0.0 0.0287974508133 0.0 0.0 0.0 0.0 
1 590.335763 0.0 0.0 0.0 0.0 -2.3292767151e-18 1.222557185e-19 -2.29117930387e-20 
1 590.335763 0.0 0.0 1.32280829302 0.0 -1.20479492937e-18 2.37285258022e-17 -3.43287533531e-17 
1 340.017437 0.0 0.0 0.0 0.0 -2.95194509981e-21 -8.77675738659e-23 -3.40514408741e-21 
1 340.017437 0.0 0.0 1.32280829302 0.0 2.01234232643e-19 -7.64181734269e-19 8.1140294214e-20 
1 1031.181368 0.0 0.0 0.0 0.0 -7.09110970393e-21 -2.70994997857e-22 -8.82849063648e-21 
1 1031.181368 0.0 0.0 1.32280829302 0.0 -1.07208095746e-18 3.74547779904e-18 4.12710823176e-18 
1 340.017437 0.0 0.0 0.000425755139032 0.0 0.0 0.0 0.0 
1 15878.7411 0.0 0.0 0.0 0.0 3.81215275664e-20 -2.35269877223e-21 6.38347305346e-21 
1 15878.7411 0.0 0.0 1.32280829302 0.0 1.68456844368e-19 -1.48517247691e-17 5.6688062243e-18 
1 124.647437 0.0 0.0 0.0 0.0 -3.3696753082e-21 -1.15464521818e-22 -4.59617495774e-21 
1 124.647437 0.0 0.0 1.32280829302 0.0 3.76485603116e-19 -8.41909642223e-19 -1.05653666383e-18 
1 589.959273 0.0 0.0 0.0 0.0 -8.25429683716e-19 4.33341861568e-20 -6.81141147763e-21 
1 589.959273 0.0 0.0 1.32280829302 0.0 -1.22433924067e-18 9.33658103063e-18 1.41801126421e-17 
1 1031.82387 0.0 0.0 0.00131261135389 0.0 0.0 0.0 0.0 
1 124.647437 0.0 0.0 0.00116138907183 0.0 0.0 0.0 0.0 
1 590.335763 0.0 0.0 1.32155399134 0.0 0.0 0.0 0.0 
1 342.67952 0.0 0.0 0.0106985957033 0.0 0.0 0.0 0.0 
1 1031.181368 0.0 0.0 0.000489222137587 0.0 0.0 0.0 0.0 
1 3620.67387 0.0 0.0 0.0 0.0 -4.35645130097e-21 1.16524251809e-22 -2.37213244764e-21 
1 3620.67387 0.0 0.0 1.32280829302 0.0 3.5219764111e-19 -5.0434394537e-18 -1.78205409141e-18 
1 589.959273 0.0 0.0 1.3223973578 0.0 0.0 0.0 0.0 
1 142.41368 0.0 0.0 1.29898628398 0.0 0.0 0.0 0.0 
1 15917.1413 0.0 0.0 0.0 0.0 -7.9198731451e-20 4.97212971478e-21 -1.2352656091e-20 
1 15917.1413 0.0 0.0 1.32280829302 0.0 -5.69819704398e-19 9.42292762566e-18 -1.82647635202e-17 
1 16011.849 0.0 0.0 0.0 0.0 -7.35804407242e-20 4.61941105683e-21 -1.14763691619e-20 
1 16011.849 0.0 0.0 1.32280829302 0.0 -5.29397178651e-19 8.75447314503e-18 -1.69690767127e-17 
1 15878.7411 0.0 0.0 0.0 0.0 -6.99678802026e-20 4.39261298586e-21 -1.09129167314e-20 
1 15878.7411 0.0 0.0 1.32280829302 0.0 -5.03405497587e-19 8.32465696345e-18 -1.61359501913e-17 
1 127.30952 0.0 0.0 0.0287974508133 0.0 0.0 0.0 0.0 
1 15888.8733 0.0 0.0 0.0 0.0 -6.31315790995e-20 3.96342712353e-21 -9.84665626341e-21 
1 15888.8733 0.0 0.0 1.32280829302 0.0 -4.54219620461e-19 7.511285722e-18 -1.45593665679e-17 
1 16461.776 0.0 0.0 0.0 0.0 -5.58889309077e-20 3.50873061983e-21 -8.71701768635e-21 
1 16461.776 0.0 0.0 1.32280829302 0.0 -4.02110153856e-19 6.64956800912e-18 -1.28890714248e-17 
1 1030.909437 0.0 0.0 0.0 0.0 -7.23018299065e-22 -2.14968638725e-23 -8.34020079272e-22 
1 1030.909437 0.0 0.0 1.32280829302 0.0 4.92881905589e-20 -1.87170614292e-19 1.98736478914e-20 
1 1030.909437 0.0 0.0 0.000140423752046 0.0 0.0 0.0 0.0 
1 15874.77152 0.0 0.0 0.0 0.0 -7.92364361726e-21 4.89013630881e-22 -1.32681895887e-21 
1 15874.77152 0.0 0.0 1.32280829302 0.0 -3.50141267906e-20 3.0869637626e-18 -1.17827388156e-18 
1 23.45676 0.0 0.0 0.951544082414 0.0 0.0 0.0 0.0 
1 3620.031368 0.0 0.0 0.0 0.0 -1.30304159681e-21 -4.97972488762e-23 -1.62229763982e-21 
1 3620.031368 0.0 0.0 1.32280829302 0.0 -1.97002463795e-19 6.88258054922e-19 7.58385347999e-19 
1 27.5467 0.0 0.0 0.323711478474 0.0 0.0 0.0 0.0 
1 1033.57152 0.0 0.0 0.00354710783853 0.0 0.0 0.0 0.0 
1 3620.67387 0.0 0.0 0.000374069517334 0.0 0.0 0.0 0.0 
1 3620.031368 0.0 0.0 0.000139357011531 0.0 0.0 0.0 0.0 
1 592.34068 0.0 0.0 1.31708087958 0.0 0.0 0.0 0.0 
1 27.5467 0.0 0.0 0.323711478474 0.0 0.0 0.0 0.0 
1 15873.02387 0.0 0.0 0.0 0.0 -5.83757078296e-22 1.56140519169e-23 -3.17861720767e-22 
1 15873.02387 0.0 0.0 1.32280829302 0.0 4.71938859758e-20 -6.75812324449e-19 -2.38792222821e-19 
1 56.2546 0.0 0.0 0.158514734512 0.0 0.0 0.0 0.0 
1 105825.7411 0.0 0.0 0.0 0.0 3.06306528696e-21 -1.89039380108e-22 5.12912151441e-22 
1 105825.7411 0.0 0.0 1.32280829302 0.0 1.35355098621e-20 -1.19333629831e-18 4.55488661464e-19 
1 3619.759437 0.0 0.0 0.0 0.0 -1.32834671883e-22 -3.94945586122e-24 -1.53228187609e-22 
1 3619.759437 0.0 0.0 1.32280829302 0.0 9.05534566562e-21 -3.43874382817e-20 3.65123469238e-21 
1 3619.759437 0.0 0.0 3.99927602049e-05 0.0 0.0 0.0 0.0 
1 105864.1413 0.0 0.0 0.0 0.0 -6.37669474167e-21 4.00331581406e-22 -9.94575490008e-22 
1 105864.1413 0.0 0.0 1.32280829302 0.0 -4.58790973815e-20 7.58688074175e-19 -1.47058948247e-18 
1 105958.849 0.0 0.0 0.0 0.0 -5.95426073181e-21 3.73810996361e-22 -9.28688297761e-22 
1 105958.849 0.0 0.0 1.32280829302 0.0 -4.28397655865e-20 7.08427608779e-19 -1.37316800675e-18 
1 56.2546 0.0 0.0 0.158514734512 0.0 0.0 0.0 0.0 
1 105825.7411 0.0 0.0 0.0 0.0 -5.62192017824e-21 3.52946516443e-22 -8.76853015956e-22 
1 105825.7411 0.0 0.0 1.32280829302 0.0 -4.04486389545e-20 6.68886306463e-19 -1.29652382941e-18 
1 105835.8733 0.0 0.0 0.0 0.0 -5.07537418195e-21 3.1863412862e-22 -7.91608030255e-22 
1 105835.8733 0.0 0.0 1.32280829302 0.0 -3.65163451874e-20 6.03859212307e-19 -1.17047972248e-18 
1 106408.776 0.0 0.0 0.0 0.0 -4.63005608596e-21 2.9067687101e-22 -7.2215159844e-22 
1 106408.776 0.0 0.0 1.32280829302 0.0 -3.33123667754e-20 5.50876038055e-19 -1.06778073267e-18 
1 3622.42152 0.0 0.0 0.00101208255859 0.0 0.0 0.0 0.0 
1 15872.381368 0.0 0.0 0.0 0.0 -1.74581444043e-22 -6.67183276379e-24 -2.17355351756e-22 
1 15872.381368 0.0 0.0 1.32280829302 0.0 -2.63943796527e-20 9.22127777017e-20 1.01608428709e-19 
1 51.72476 0.0 0.0 1.15444297852 0.0 0.0 0.0 0.0 
1 131.2791 0.0 0.0 0.0679253817559 0.0 0.0 0.0 0.0 
1 105821.77152 0.0 0.0 0.0 0.0 -6.36529592909e-22 3.92839030157e-23 -1.06587268755e-22 
1 105821.77152 0.0 0.0 1.32280829302 0.0 -2.81278777146e-21 2.47984876914e-19 -9.46542058672e-20 
1 15873.02387 0.0 0.0 8.53261318112e-05 0.0 0.0 0.0 0.0 
1 15872.381368 0.0 0.0 3.17833059448e-05 0.0 0.0 0.0 0.0 
1 131.2791 0.0 0.0 0.0679253817559 0.0 0.0 0.0 0.0 
1 346.6491 0.0 0.0 0.0257239467348 0.0 0.0 0.0 0.0 
1 15872.109437 0.0 0.0 0.0 0.0 -1.77961502886e-23 -5.29117203123e-25 -2.05283140048e-23 
1 15872.109437 0.0 0.0 1.32280829302 0.0 1.21316438017e-21 -4.60695999791e-21 4.89163863646e-22 
1 131.2791 0.0 0.0 0.0679253817559 0.0 0.0 0.0 0.0 
1 15872.109437 0.0 0.0 9.12066362306e-06 0.0 0.0 0.0 0.0 
1 105820.02387 0.0 0.0 0.0 0.0 -4.68905345068e-23 1.25420533201e-24 -2.55323773196e-23 
1 105820.02387 0.0 0.0 1.32280829302 0.0 3.79086887532e-21 -5.4284911135e-20 -1.9181086415e-20 
1 346.6491 0.0 0.0 0.0257239467348 0.0 0.0 0.0 0.0 
1 131.2791 0.0 0.0 0.0679253817559 0.0 0.0 0.0 0.0 
1 15874.77152 0.0 0.0 0.000230944403556 0.0 0.0 0.0 0.0 
1 146.43246 0.0 0.0 1.26333612759 0.0 0.0 0.0 0.0 
1 105819.381368 0.0 0.0 0.0 0.0 -1.40228459305e-23 -5.35899353071e-25 -1.74585599664e-23 
1 105819.381368 0.0 0.0 1.32280829302 0.0 -2.12006677646e-21 7.40677556899e-21 8.16145924812e-21 
1 1037.5411 0.0 0.0 0.00859453469754 0.0 0.0 0.0 0.0 
1 105820.02387 0.0 0.0 1.27989361318e-05 0.0 0.0 0.0 0.0 
1 105819.381368 0.0 0.0 4.76733795426e-06 0.0 0.0 0.0 0.0 
1 1037.5411 0.0 0.0 0.00859453469754 0.0 0.0 0.0 0.0 
1 105819.109437 0.0 0.0 0.0 0.0 -1.4294133084e-24 -4.2499482168e-26 -1.64886476916e-24 
1 105819.109437 0.0 0.0 1.32280829302 0.0 9.74431706959e-23 -3.70037891651e-22 3.92903704086e-23 
1 105819.109437 0.0 0.0 1.36803429866e-06 0.0 0.0 0.0 0.0 
1 596.35946 0.0 0.0 1.30820526235 0.0 0.0 0.0 0.0 
1 3626.3911 0.0 0.0 0.00245896891377 0.0 0.0 0.0 0.0 
1 105821.77152 0.0 0.0 3.46449467592e-05 0.0 0.0 0.0 0.0 
1 3626.3911 0.0 0.0 0.00245896891377 0.0 0.0 0.0 0.0 
1 37.6789 0.0 0.0 0.592377727869 0.0 0.0 0.0 0.0 
1 15878.7411 0.0 0.0 0.00056157997211 0.0 0.0 0.0 0.0 
1 15878.7411 0.0 0.0 0.00056157997211 0.0 0.0 0.0 0.0 
1 105825.7411 0.0 0.0 8.42628919145e-05 0.0 0.0 0.0 0.0 
1 105825.7411 0.0 0.0 8.42628919145e-05 0.0 0.0 0.0 0.0 
1 66.3868 0.0 0.0 0.336213542009 0.0 0.0 0.0 0.0 
1 65.9469 0.0 0.0 0.90547525354 0.0 0.0 0.0 0.0 
1 141.4113 0.0 0.0 0.157838455418 0.0 0.0 0.0 0.0 
1 141.4113 0.0 0.0 0.157838455418 0.0 0.0 0.0 0.0 
1 356.7813 0.0 0.0 0.0625597282442 0.0 0.0 0.0 0.0 
1 1047.6733 0.0 0.0 0.0213044860174 0.0 0.0 0.0 0.0 
2 13.4822 0.0 0.0 0.0 7.16533710948 0.0 0.0 0.0 3.04541314396e-15 -1.40457762561e-15 7.43809931849e-16 0.0885777433638 0.0885777433638 0.0885777433638 
2 13.4822 0.0 0.0 1.32280829302 7.16533710948 0.0 0.0 0.0 -2.21337064291e-15 -4.26991744575e-15 1.43644915791e-15 0.0885777433638 0.0885777433638 0.0885777433638 
2 13.4822 0.0 0.0 0.0 -26.9179645929 0.0 0.0 0.0 -7.194284419e-15 3.49499679386e-15 -1.70400542072e-15 -0.332759299828 -0.332759299828 -0.332759299828 
2 13.4822 0.0 0.0 1.32280829302 -26.9179645929 0.0 0.0 0.0 5.31975121094e-15 1.00613306928e-14 -3.47854399468e-15 -0.332759299828 -0.332759299828 -0.332759299828 
2 9.51262 0.0 0.0 0.0 -4.22059125721 0.0 0.0 0.0 -2.54239778907e-15 1.17258147947e-15 -6.20953754656e-16 -0.0739472275989 -0.0739472275989 -0.0739472275989 
2 9.51262 0.0 0.0 1.32280829302 -4.22059125721 0.0 0.0 0.0 1.84778496806e-15 3.56464891967e-15 -1.19918874404e-15 -0.0739472275989 -0.0739472275988 -0.0739472275989 
2 13.4822 0.0 0.0 0.0 25.4154201416 0.0 0.0 0.0 2.76510843595e-15 -1.56649961835e-15 6.15166273565e-16 0.314184877612 0.314184877612 0.314184877612 
2 13.4822 0.0 0.0 1.32280829302 25.4154201416 0.0 0.0 0.0 -2.22510266066e-15 -4.34801795096e-15 1.45760047025e-15 0.314184877612 0.314184877612 0.314184877612 
2 23.6144 0.0 0.0 0.0 -13.8755765495 0.0 0.0 0.0 -2.11728964413e-15 1.02858325956e-15 -5.01491575909e-16 -0.0979316049352 -0.0979316049352 -0.0979316049352 
2 23.6144 0.0 0.0 1.32280829302 -13.8755765495 0.0 0.0 0.0 1.56561146214e-15 2.96106604094e-15 -1.02374117391e-15 -0.0979316049352 -0.0979316049352 -0.0979316049352 
2 9.51262 0.0 0.0 0.0 7.92773070454 0.0 0.0 0.0 3.00299695578e-15 -1.45886152412e-15 7.11276173282e-16 0.138898479153 0.138898479153 0.138898479153 
2 9.51262 0.0 0.0 1.32280829302 7.92773070454 0.0 0.0 0.0 -2.22054005118e-15 -4.19974297397e-15 1.45199389101e-15 0.138898479153 0.138898479153 0.138898479153 
2 5.54304 0.0 0.0 0.0 0.7525606218 0.0 0.0 0.0 7.77971760434e-16 -3.58809027351e-16 1.90011369478e-16 0.0226277945496 0.0226277945496 0.0226277945496 
2 5.54304 0.0 0.0 1.32280829302 0.7525606218 0.0 0.0 0.0 -5.65420773525e-16 -1.0907798171e-15 3.66950829766e-16 0.0226277945496 0.0226277945496 0.0226277945496 
2 7.76497 0.0 0.0 0.0 -0.0881016764305 0.0 0.0 0.0 3.2552441074e-16 -2.97277697404e-16 5.69263686822e-17 -0.00189100701463 -0.00189100701463 -0.00189100701463 
2 7.76497 0.0 0.0 1.32280829302 -0.0881016764305 0.0 0.0 0.0 -3.45116997496e-16 -1.59494788453e-16 2.62469320887e-16 -0.00189100701463 -0.00189100701464 -0.00189100701463 
2 23.6144 0.0 0.0 0.0 26.2021005709 0.0 0.0 0.0 1.62755184959e-15 -9.22046787782e-16 3.62088876274e-16 0.184930244334 0.184930244334 0.184930244334 
2 23.6144 0.0 0.0 1.32280829302 26.2021005709 0.0 0.0 0.0 -1.3097026879e-15 -2.5592575561e-15 8.57948393804e-16 0.184930244334 0.184930244334 0.184930244334 
2 51.8824 0.0 0.0 0.0 -7.9369096797 0.0 0.0 0.0 -5.51235947817e-16 2.67791451947e-16 -1.30563234433e-16 -0.0254964743333 -0.0254964743333 -0.0254964743333 
2 51.8824 0.0 0.0 1.32280829302 -7.9369096797 0.0 0.0 0.0 4.07606640234e-16 7.70912968923e-16 -2.66530815888e-16 -0.0254964743333 -0.0254964743333 -0.0254964743333 
2 33.7466 0.0 0.0 0.0 8.27709567827 0.0 0.0 0.0 3.5976887713e-16 -2.03817615755e-16 8.00394214606e-17 0.0408786647063 0.0408786647063 0.0408786647063 
2 33.7466 0.0 0.0 1.32280829302 8.27709567827 0.0 0.0 0.0 -2.89508604914e-16 -5.65721588211e-16 1.89648723236e-16 0.0408786647063 0.0408786647063 0.0408786647063 
2 3.79539 0.0 0.0 0.0 0.037455327634 0.0 0.0 0.0 -2.83136828136e-16 2.58568210376e-16 -4.95138027571e-17 0.00164477289703 0.00164477289703 0.00164477289703 
2 3.79539 0.0 0.0 1.32280829302 0.037455327634 0.0 0.0 0.0 3.00178201029e-16 1.38726458038e-16 -2.28292344743e-16 0.00164477289703 0.00164477289703 0.00164477289703 
2 7.76497 0.0 0.0 0.0 0.0372642235954 0.0 0.0 0.0 -6.50238786903e-16 5.50484131734e-16 -1.38753580322e-16 0.000799836178705 0.000799836178704 0.000799836178706 
2 7.76497 0.0 0.0 1.32280829302 0.0372642235954 0.0 0.0 0.0 7.09003783343e-16 7.08821992553e-16 -5.04801416949e-16 0.000799836178705 0.000799836178709 0.000799836178705 
2 19.64482 0.0 0.0 0.0 3.46597921532 0.0 0.0 0.0 6.35746607293e-16 -3.08846888e-16 1.50580044093e-16 0.0294053700952 0.0294053700952 0.0294053700952 
2 19.64482 0.0 0.0 1.32280829302 3.46597921532 0.0 0.0 0.0 -4.70097314344e-16 -8.89102582029e-16 3.07392982282e-16 0.0294053700952 0.0294053700952 0.0294053700952 
2 51.8824 0.0 0.0 0.0 14.9877523941 0.0 0.0 0.0 4.23732808083e-16 -2.40054702201e-16 9.42697686452e-17 0.0481465532117 0.0481465532117 0.0481465532117 
2 51.8824 0.0 0.0 1.32280829302 14.9877523941 0.0 0.0 0.0 -3.4098084054e-16 -6.663022079e-16 2.23366697772e-16 0.0481465532117 0.0481465532117 0.0481465532117 
2 7.122468 0.0 0.0 0.0 0.148613384651 0.0 0.0 0.0 -2.85571654606e-17 -3.13449678909e-19 -2.03286882632e-17 0.00347757230244 0.00347757230244 0.00347757230244 
2 7.122468 0.0 0.0 1.32280829302 0.148613384651 0.0 0.0 0.0 6.40524799313e-17 3.17384760211e-16 -4.27039488919e-17 0.00347757230244 0.00347757230244 0.00347757230244 
2 2.04774 0.0 0.0 0.0 0.0671848604 0.0 0.0 0.0 -3.26854485736e-17 -1.69649866254e-17 -4.98346133136e-17 0.00546821214282 0.00546821214282 0.00546821214282 
2 2.04774 0.0 0.0 1.32280829302 0.0671848604 0.0 0.0 0.0 4.18451910483e-17 3.23161422147e-16 -2.14803903283e-17 0.00546821214282 0.00546821214282 0.00546821214282 
2 62.0146 0.0 0.0 0.0 11.3210730001 0.0 0.0 0.0 2.67774540732e-16 -1.51700638719e-16 5.95730222498e-17 0.0304258271443 0.0304258271443 0.0304258271443 
2 62.0146 0.0 0.0 1.32280829302 11.3210730001 0.0 0.0 0.0 -2.15480100272e-16 -4.21064322388e-16 1.41154788513e-16 0.0304258271443 0.0304258271443 0.0304258271443 
2 90.2826 0.0 0.0 0.0 4.88642263428 0.0 0.0 0.0 7.93894162477e-17 -4.49759903216e-17 1.76621251878e-17 0.00902060610107 0.00902060610107 0.00902060610107 
2 90.2826 0.0 0.0 1.32280829302 4.88642263428 0.0 0.0 0.0 -6.38852346709e-17 -1.24836553415e-16 4.18493716018e-17 0.00902060610107 0.00902060610107 0.00902060610107 
2 146.5901 0.0 0.0 0.0 -2.62535132077 0.0 0.0 0.0 -6.45340525262e-17 3.1350763125e-17 -1.52852415781e-17 -0.00298491203336 -0.00298491203336 -0.00298491203336 
2 146.5901 0.0 0.0 1.32280829302 -2.62535132077 0.0 0.0 0.0 4.7719145377e-17 9.02519841579e-17 -3.12031784947e-17 -0.00298491203336 -0.00298491203336 -0.00298491203336 
2 7.76497 0.0 0.0 1.14838601876 0.0 0.0 0.0 0.0 0.0 0.0 0.0 0.0 0.0 0.0 
2 7.76497 0.0 0.0 0.174422274262 0.0 0.0 0.0 0.0 0.0 0.0 0.0 0.0 0.0 0.0 
2 47.91282 0.0 0.0 0.0 1.78593569611 0.0 0.0 0.0 1.34313676179e-16 -6.52498344905e-17 3.18129252273e-17 0.00621244897194 0.00621244897194 0.00621244897194 
2 47.91282 0.0 0.0 1.32280829302 1.78593569611 0.0 0.0 0.0 -9.93170828237e-17 -1.87839989899e-16 6.49426689946e-17 0.00621244897194 0.00621244897194 0.00621244897194 
2 3.152888 0.0 0.0 0.0 -0.0697631277049 0.0 0.0 0.0 3.02834310903e-17 3.3239754711e-19 2.15575467748e-17 -0.00368778971876 -0.00368778971876 -0.00368778971876 
2 3.152888 0.0 0.0 1.32280829302 -0.0697631277049 0.0 0.0 0.0 -6.79244186486e-17 -3.36570502007e-16 4.52853801382e-17 -0.00368778971876 -0.00368778971876 -0.00368778971876 
2 7.122468 0.0 0.0 1.25197936784 0.0 0.0 0.0 0.0 0.0 0.0 0.0 0.0 0.0 0.0 
2 7.122468 0.0 0.0 0.0708289251833 0.0 0.0 0.0 0.0 0.0 0.0 0.0 0.0 0.0 0.0 
2 7.122468 0.0 0.0 0.0 -0.39861435684 0.0 0.0 0.0 1.38263598579e-16 -6.8396361085e-17 2.19373968342e-17 -0.00932762718484 -0.00932762718484 -0.00932762718484 
2 7.122468 0.0 0.0 1.32280829302 -0.39861435684 0.0 0.0 0.0 -1.42361862238e-16 -2.59959904903e-16 1.24311080474e-16 -0.00932762718484 -0.00932762718484 -0.00932762718484 
2 17.89717 0.0 0.0 0.0 0.0145972977318 0.0 0.0 0.0 -1.10511806842e-16 9.35579317338e-17 -2.35819658501e-17 0.000135936740574 0.000135936740574 0.000135936740574 
2 17.89717 0.0 0.0 1.32280829302 0.0145972977318 0.0 0.0 0.0 1.20499254633e-16 1.20468358246e-16 -8.57938926546e-17 0.000135936740574 0.000135936740574 0.000135936740574 
2 1.405238 0.0 0.0 0.0 0.163201847337 0.0 0.0 0.0 5.32611343035e-17 -1.27095005236e-16 -3.42347704146e-17 0.0193563708706 0.0193563708706 0.0193563708706 
2 1.405238 0.0 0.0 1.32280829302 0.163201847337 0.0 0.0 0.0 -4.05683632799e-17 3.4141585793e-16 4.2909468378e-17 0.0193563708706 0.0193563708706 0.0193563708706 
2 3.79539 0.0 0.0 0.965958607751 0.0 0.0 0.0 0.0 0.0 0.0 0.0 0.0 0.0 0.0 
2 3.79539 0.0 0.0 0.356849685269 0.0 0.0 0.0 0.0 0.0 0.0 0.0 0.0 0.0 0.0 
2 2.04774 0.0 0.0 0.66140414651 0.0 0.0 0.0 0.0 0.0 0.0 0.0 0.0 0.0 0.0 
2 146.5901 0.0 0.0 0.0 4.95761160593 0.0 0.0 0.0 4.96070610094e-17 -2.81035785536e-17 1.10363089082e-17 0.00563659210948 0.00563659210948 0.00563659210948 
2 146.5901 0.0 0.0 1.32280829302 4.95761160592 0.0 0.0 0.0 -3.9919159048e-17 -7.80050391367e-17 2.61498878362e-17 0.00563659210948 0.00563659210948 0.00563659210948 
2 3.152888 0.0 0.0 1.16280363916 0.0 0.0 0.0 0.0 0.0 0.0 0.0 0.0 0.0 0.0 
2 3.152888 0.0 0.0 0.160004653858 0.0 0.0 0.0 0.0 0.0 0.0 0.0 0.0 0.0 0.0 
2 7.76497 0.0 0.0 1.14838601876 0.0 0.0 0.0 0.0 0.0 0.0 0.0 0.0 0.0 0.0 
2 7.76497 0.0 0.0 0.174422274262 0.0 0.0 0.0 0.0 0.0 0.0 0.0 0.0 0.0 0.0 
2 5.54304 0.0 0.0 0.66140414651 0.0 0.0 0.0 0.0 0.0 0.0 0.0 0.0 0.0 0.0 
2 0.762736 0.0 0.0 0.0 0.134385269651 0.0 0.0 0.0 -8.63451094801e-18 -2.39311383998e-17 8.82780587369e-17 0.0293647408039 0.0293647408039 0.0293647408039 
2 0.762736 0.0 0.0 1.32280829302 0.134385269651 0.0 0.0 0.0 1.95121857309e-17 -2.58875596759e-16 -2.42854971248e-17 0.0293647408039 0.0293647408039 0.0293647408039 
2 184.9903 0.0 0.0 0.0 4.45755486399 0.0 0.0 0.0 3.53446251139e-17 -2.00235697928e-17 7.86327980459e-18 0.00401602576278 0.00401602576278 0.00401602576278 
2 184.9903 0.0 0.0 1.32280829302 4.45755486399 0.0 0.0 0.0 -2.84420742271e-17 -5.55779521944e-17 1.86315811405e-17 0.00401602576278 0.00401602576278 0.00401602576278 
2 1.405238 0.0 0.0 0.963810918132 0.0 0.0 0.0 0.0 0.0 0.0 0.0 0.0 0.0 0.0 
2 1.405238 0.0 0.0 0.358997374888 0.0 0.0 0.0 0.0 0.0 0.0 0.0 0.0 0.0 0.0 
2 156.7223 0.0 0.0 0.0 4.18669491167 0.0 0.0 0.0 3.91846667062e-17 -2.21990445809e-17 8.71759135561e-18 0.0044523496993 0.0044523496993 0.0044523496993 
2 156.7223 0.0 0.0 1.32280829302 4.18669491167 0.0 0.0 0.0 -3.15321833356e-17 -6.16162578024e-17 2.06558223449e-17 0.0044523496993 0.0044523496993 0.0044523496993 
2 9.51262 0.0 0.0 0.937405571134 0.0 0.0 0.0 0.0 0.0 0.0 0.0 0.0 0.0 0.0 
2 9.51262 0.0 0.0 0.385402721886 0.0 0.0 0.0 0.0 0.0 0.0 0.0 0.0 0.0 0.0 
2 7.122468 0.0 0.0 1.25197936784 0.0 0.0 0.0 0.0 0.0 0.0 0.0 0.0 0.0 0.0 
2 7.122468 0.0 0.0 0.0708289251833 0.0 0.0 0.0 0.0 0.0 0.0 0.0 0.0 0.0 0.0 
2 6.850537 0.0 0.0 0.0 0.0132956626544 0.0 0.0 0.0 1.05597202484e-17 -7.22301262745e-18 -6.99593465021e-19 0.000323470083547 0.000323470083547 0.000323470083547 
2 6.850537 0.0 0.0 1.32280829302 0.0132956626544 0.0 0.0 0.0 -7.96737298118e-18 2.59284986328e-17 1.09663118677e-17 0.000323470083547 0.000323470083547 0.000323470083547 
2 0.762736 0.0 0.0 0.66140414651 0.0 0.0 0.0 0.0 0.0 0.0 0.0 0.0 0.0 0.0 
2 46.16517 0.0 0.0 0.0 0.00711190477576 0.0 0.0 0.0 -2.08733459317e-17 1.76711170466e-17 -4.45413521873e-18 2.56755788536e-05 2.56755788536e-05 2.56755788537e-05 
2 46.16517 0.0 0.0 1.32280829302 0.00711190477577 0.0 0.0 0.0 2.27597638509e-17 2.27539281762e-17 -1.62046540671e-17 2.56755788536e-05 2.56755788538e-05 2.56755788536e-05 
2 6.850537 0.0 0.0 1.30167649399 0.0 0.0 0.0 0.0 0.0 0.0 0.0 0.0 0.0 0.0 
2 6.850537 0.0 0.0 0.0211317990346 0.0 0.0 0.0 0.0 0.0 0.0 0.0 0.0 0.0 0.0 
2 279.698 0.0 0.0 0.0 1.3776752961 0.0 0.0 0.0 7.22492177115e-18 -4.09308982245e-18 1.60736126836e-18 0.000820930251021 0.000820930251021 0.000820930251021 
2 279.698 0.0 0.0 1.32280829302 1.3776752961 0.0 0.0 0.0 -5.81394655163e-18 -1.13608888342e-17 3.80854842227e-18 0.000820930251021 0.000820930251021 0.000820930251021 
2 17.254668 0.0 0.0 0.0 -0.148559971066 0.0 0.0 0.0 2.1270643312e-17 -1.05221809314e-17 3.37487630909e-18 -0.00143497372291 -0.00143497372291 -0.00143497372291 
2 17.254668 0.0 0.0 1.32280829302 -0.148559971066 0.0 0.0 0.0 -2.19011252711e-17 -3.9992553857e-17 1.91241706397e-17 -0.00143497372291 -0.00143497372291 -0.00143497372291 
2 142.62052 0.0 0.0 0.0 0.560732990763 0.0 0.0 0.0 1.4167076664e-17 -6.88239227635e-18 3.35554921453e-18 0.000655273858632 0.000655273858632 0.000655273858632 
2 142.62052 0.0 0.0 1.32280829302 0.560732990763 0.0 0.0 0.0 -1.04757219551e-17 -1.98129007647e-17 6.8499932143e-18 0.000655273858632 0.000655273858632 0.000655273858632 
2 2.880957 0.0 0.0 0.0 -0.00656967494822 0.0 0.0 0.0 -1.24072104229e-17 8.48672459571e-18 8.21991788306e-19 -0.000380063230622 -0.000380063230622 -0.000380063230622 
2 2.880957 0.0 0.0 1.32280829302 -0.00656967494822 0.0 0.0 0.0 9.36131552444e-18 -3.04648542688e-17 -1.28849378302e-17 -0.000380063230622 -0.000380063230622 -0.000380063230622 
2 9.51262 0.0 0.0 0.937405571134 0.0 0.0 0.0 0.0 0.0 0.0 0.0 0.0 0.0 0.0 
2 9.51262 0.0 0.0 0.385402721886 0.0 0.0 0.0 0.0 0.0 0.0 0.0 0.0 0.0 0.0 
2 1.133307 0.0 0.0 0.0 0.0189002327628 0.0 0.0 0.0 2.46673930008e-18 -1.37295346541e-17 -1.68938916395e-17 0.00277951057728 0.00277951057728 0.00277951057728 
2 1.133307 0.0 0.0 1.32280829302 0.0189002327628 0.0 0.0 0.0 -1.40405544608e-18 7.92680016332e-17 2.42440562438e-18 0.00277951057728 0.00277951057728 0.00277951057728 
2 2.880957 0.0 0.0 1.27255965301 0.0 0.0 0.0 0.0 0.0 0.0 0.0 0.0 0.0 0.0 
2 2.880957 0.0 0.0 0.0502486400051 0.0 0.0 0.0 0.0 0.0 0.0 0.0 0.0 0.0 0.0 
2 6.850537 0.0 0.0 0.0 -0.0365601281259 0.0 0.0 0.0 -1.16831512399e-17 6.58911211574e-18 6.74918770608e-19 -0.000889471100973 -0.000889471100973 -0.000889471100973 
2 6.850537 0.0 0.0 1.32280829302 -0.0365601281259 0.0 0.0 0.0 1.30201630488e-17 -1.67879398158e-17 -1.63255044887e-17 -0.000889471100973 -0.000889471100973 -0.000889471100973 
2 1.133307 0.0 0.0 1.19507223283 0.0 0.0 0.0 0.0 0.0 0.0 0.0 0.0 0.0 0.0 
2 1.133307 0.0 0.0 0.127736060188 0.0 0.0 0.0 0.0 0.0 0.0 0.0 0.0 0.0 0.0 
2 0.490805 0.0 0.0 0.0 0.0388761677515 0.0 0.0 0.0 -6.44478255215e-19 -5.43287988529e-18 -1.15670427357e-17 0.0132014981345 0.0132014981345 0.0132014981345 
2 0.490805 0.0 0.0 1.32280829302 0.0388761677515 0.0 0.0 0.0 4.19080592871e-19 5.21413951662e-18 6.78487650982e-19 0.0132014981345 0.0132014981345 0.0132014981345 
2 596.5171 0.0 0.0 0.0 -0.503811168699 0.0 0.0 0.0 -3.04334399369e-18 1.47846219041e-18 -7.20832588806e-19 -0.000140764662265 -0.000140764662265 -0.000140764662265 
2 596.5171 0.0 0.0 1.32280829302 -0.503811168699 0.0 0.0 0.0 2.25037431839e-18 4.25616900153e-18 -1.4715022866e-18 -0.000140764662265 -0.000140764662264 -0.000140764662265 
2 0.490805 0.0 0.0 1.02785577387 0.0 0.0 0.0 0.0 0.0 0.0 0.0 0.0 0.0 0.0 
2 0.490805 0.0 0.0 0.294952519154 0.0 0.0 0.0 0.0 0.0 0.0 0.0 0.0 0.0 0.0 
2 6.850537 0.0 0.0 1.30167649399 0.0 0.0 0.0 0.0 0.0 0.0 0.0 0.0 0.0 0.0 
2 6.850537 0.0 0.0 0.0211317990346 0.0 0.0 0.0 0.0 0.0 0.0 0.0 0.0 0.0 0.0 
2 17.89717 0.0 0.0 1.24713243326 0.0 0.0 0.0 0.0 0.0 0.0 0.0 0.0 0.0 0.0 
2 17.89717 0.0 0.0 0.0756758597574 0.0 0.0 0.0 0.0 0.0 0.0 0.0 0.0 0.0 0.0 
2 17.254668 0.0 0.0 1.29357117567 0.0 0.0 0.0 0.0 0.0 0.0 0.0 0.0 0.0 0.0 
2 17.254668 0.0 0.0 0.0292371173466 0.0 0.0 0.0 0.0 0.0 0.0 0.0 0.0 0.0 0.0 
2 13.4822 0.0 0.0 0.66140414651 0.0 0.0 0.0 0.0 0.0 0.0 0.0 0.0 0.0 0.0 
2 0.218874 0.0 0.0 0.0 0.00405767092382 0.0 0.0 0.0 7.03914607901e-20 2.67897081617e-19 -1.48104465326e-17 0.00308980731975 0.00308980731975 0.00308980731975 
2 0.218874 0.0 0.0 1.32280829302 0.00405767092382 0.0 0.0 0.0 -1.29218730554e-18 3.00615052276e-17 2.28316643008e-18 0.00308980731975 0.00308980731975 0.00308980731975 
2 45.522668 0.0 0.0 0.0 -0.0707659349533 0.0 0.0 0.0 3.84044869552e-18 -1.89979660885e-18 6.09339319394e-19 -0.000259086802474 -0.000259086802474 -0.000259086802474 
2 45.522668 0.0 0.0 1.32280829302 -0.0707659349533 0.0 0.0 0.0 -3.95428322237e-18 -7.22071961049e-18 3.45289961893e-18 -0.000259086802474 -0.000259086802474 -0.000259086802474 
2 0.218874 0.0 0.0 0.66140414651 0.0 0.0 0.0 0.0 0.0 0.0 0.0 0.0 0.0 0.0 
2 634.9173 0.0 0.0 0.0 1.01420818821 0.0 0.0 0.0 2.34307176632e-18 -1.32740581888e-18 5.21273852571e-19 0.000266231047783 0.000266231047783 0.000266231047783 
2 634.9173 0.0 0.0 1.32280829302 1.01420818821 0.0 0.0 0.0 -1.88548671495e-18 -3.6843828502e-18 1.23512787564e-18 0.000266231047783 0.000266231047783 0.000266231047783 
2 596.5171 0.0 0.0 0.0 0.951377469894 0.0 0.0 0.0 2.33940602298e-18 -1.3253290882e-18 5.20458317947e-19 0.00026581452845 0.00026581452845 0.00026581452845 
2 596.5171 0.0 0.0 1.32280829302 0.951377469894 0.0 0.0 0.0 -1.8825368649e-18 -3.67861862135e-18 1.2331955141e-18 0.00026581452845 0.00026581452845 0.00026581452845 
2 140.87287 0.0 0.0 0.0 0.00217817908308 0.0 0.0 0.0 -2.09501336301e-18 1.77361245643e-18 -4.47052084241e-19 2.5770032738e-06 2.5770032738e-06 2.5770032738e-06 
2 140.87287 0.0 0.0 1.32280829302 0.00217817908308 0.0 0.0 0.0 2.2843491198e-18 2.28376340554e-18 -1.62642668428e-18 2.5770032738e-06 2.57700327381e-06 2.5770032738e-06 
2 606.6493 0.0 0.0 0.0 0.844623245337 0.0 0.0 0.0 2.04221267826e-18 -1.15696199813e-18 4.5434036032e-19 0.00023204599575 0.00023204599575 0.00023204599575 
2 606.6493 0.0 0.0 1.32280829302 0.844623245337 0.0 0.0 0.0 -1.64338324131e-18 -3.21129445388e-18 1.07653288438e-18 0.00023204599575 0.00023204599575 0.00023204599575 
2 729.625 0.0 0.0 0.0 0.824831314567 0.0 0.0 0.0 1.65821589304e-18 -9.39418696866e-19 3.68910845747e-19 0.000188414439967 0.000188414439967 0.000188414439967 
2 729.625 0.0 0.0 1.32280829302 0.824831314567 0.0 0.0 0.0 -1.33437826437e-18 -2.6074754884e-18 8.74112651077e-19 0.000188414439967 0.000188414439967 0.000188414439967 
2 13.4822 0.0 0.0 0.66140414651 0.0 0.0 0.0 0.0 0.0 0.0 0.0 0.0 0.0 0.0 
2 13.4822 0.0 0.0 0.66140414651 0.0 0.0 0.0 0.0 0.0 0.0 0.0 0.0 0.0 0.0 
2 46.16517 0.0 0.0 1.29347051029 0.0 0.0 0.0 0.0 0.0 0.0 0.0 0.0 0.0 0.0 
2 46.16517 0.0 0.0 0.0293377827261 0.0 0.0 0.0 0.0 0.0 0.0 0.0 0.0 0.0 0.0 
2 16.982737 0.0 0.0 0.0 -0.0133152587883 0.0 0.0 0.0 -1.71640129495e-18 9.68023124564e-19 9.91540234367e-20 -0.000130674448886 -0.000130674448886 -0.000130674448886 
2 16.982737 0.0 0.0 1.32280829302 -0.0133152587883 0.0 0.0 0.0 1.91282508105e-18 -2.46635869448e-18 -2.39842115108e-18 -0.000130674448886 -0.000130674448886 -0.000130674448886 
2 45.522668 0.0 0.0 1.31172641282 0.0 0.0 0.0 0.0 0.0 0.0 0.0 0.0 0.0 0.0 
2 45.522668 0.0 0.0 0.0110818801985 0.0 0.0 0.0 0.0 0.0 0.0 0.0 0.0 0.0 0.0 
2 16.982737 0.0 0.0 1.31428409747 0.0 0.0 0.0 0.0 0.0 0.0 0.0 0.0 0.0 0.0 
2 16.982737 0.0 0.0 0.00852419555006 0.0 0.0 0.0 0.0 0.0 0.0 0.0 0.0 0.0 0.0 
2 19.64482 0.0 0.0 1.13618456013 0.0 0.0 0.0 0.0 0.0 0.0 0.0 0.0 0.0 0.0 
2 19.64482 0.0 0.0 0.186623732886 0.0 0.0 0.0 0.0 0.0 0.0 0.0 0.0 0.0 0.0 
2 592.54752 0.0 0.0 0.0 0.105393434844 0.0 0.0 0.0 6.40909228294e-19 -3.11354898915e-19 1.51802838976e-19 2.96441582845e-05 2.96441582845e-05 2.96441582845e-05 
2 592.54752 0.0 0.0 1.32280829302 0.105393434844 0.0 0.0 0.0 -4.73914769663e-19 -8.96322596433e-19 3.09889186662e-19 2.96441582845e-05 2.96441582845e-05 2.96441582845e-05 
2 13.4822 0.0 0.0 0.66140414651 0.0 0.0 0.0 0.0 0.0 0.0 0.0 0.0 0.0 0.0 
2 1179.552 0.0 0.0 0.0 0.199212405288 0.0 0.0 0.0 2.47727903328e-19 -1.40343742391e-19 5.51131554796e-20 2.81480320902e-05 2.81480320902e-05 2.81480320902e-05 
2 1179.552 0.0 0.0 1.32280829302 0.199212405288 0.0 0.0 0.0 -1.99348426864e-19 -3.89541819272e-19 1.30587395304e-19 2.81480320902e-05 2.81480320902e-05 2.81480320902e-05 
2 140.230368 0.0 0.0 0.0 -0.0214699214774 0.0 0.0 0.0 3.78245533637e-19 -1.87110840188e-19 6.00137885708e-20 -2.55174417444e-05 -2.55174417444e-05 -2.55174417444e-05 
2 140.230368 0.0 0.0 1.32280829302 -0.0214699214774 0.0 0.0 0.0 -3.89457088528e-19 -7.11168188628e-19 3.40075851158e-19 -2.55174417444e-05 -2.55174417444e-05 -2.55174417444e-05 
2 45.250737 0.0 0.0 0.0 -0.00628022468175 0.0 0.0 0.0 -3.03827045448e-19 1.71353637828e-19 1.75516495319e-20 -2.31312058768e-05 -2.31312058768e-05 -2.31312058768e-05 
2 45.250737 0.0 0.0 1.32280829302 -0.00628022468175 0.0 0.0 0.0 3.3859680399e-19 -4.36579998724e-19 -4.24554102946e-19 -2.31312058768e-05 -2.31312058768e-05 -2.31312058768e-05 
2 45.250737 0.0 0.0 1.31960913692 0.0 0.0 0.0 0.0 0.0 0.0 0.0 0.0 0.0 0.0 
2 45.250737 0.0 0.0 0.00319915609691 0.0 0.0 0.0 0.0 0.0 0.0 0.0 0.0 0.0 0.0 
2 140.87287 0.0 0.0 1.31319406619 0.0 0.0 0.0 0.0 0.0 0.0 0.0 0.0 0.0 0.0 
2 140.87287 0.0 0.0 0.00961422683427 0.0 0.0 0.0 0.0 0.0 0.0 0.0 0.0 0.0 0.0 
2 140.230368 0.0 0.0 1.31921080725 0.0 0.0 0.0 0.0 0.0 0.0 0.0 0.0 0.0 0.0 
2 140.230368 0.0 0.0 0.00359748576779 0.0 0.0 0.0 0.0 0.0 0.0 0.0 0.0 0.0 0.0 
2 47.91282 0.0 0.0 1.2462903665 0.0 0.0 0.0 0.0 0.0 0.0 0.0 0.0 0.0 0.0 
2 47.91282 0.0 0.0 0.076517926523 0.0 0.0 0.0 0.0 0.0 0.0 0.0 0.0 0.0 0.0 
2 590.79987 0.0 0.0 0.0 0.000405582468409 0.0 0.0 0.0 -9.30163641663e-20 7.87465058937e-20 -1.98486368647e-20 1.14416203355e-07 1.14416203355e-07 1.14416203355e-07 
2 590.79987 0.0 0.0 1.32280829302 0.00040558246841 0.0 0.0 0.0 1.0142267031e-19 1.0139666522e-19 -7.22116142198e-20 1.14416203355e-07 1.14416203356e-07 1.14416203355e-07 
2 139.958437 0.0 0.0 0.0 -0.00189767714924 0.0 0.0 0.0 -2.96824777045e-20 1.67404469438e-20 1.71471386012e-21 -2.25981035265e-06 -2.25981035265e-06 -2.25981035265e-06 
2 139.958437 0.0 0.0 1.32280829302 -0.00189767714924 0.0 0.0 0.0 3.30793200797e-20 -4.2651818765e-20 -4.14769451366e-20 -2.25981035265e-06 -2.25981035265e-06 -2.25981035265e-06 
2 139.958437 0.0 0.0 1.32177395615 0.0 0.0 0.0 0.0 0.0 0.0 0.0 0.0 0.0 0.0 
2 139.958437 0.0 0.0 0.00103433686647 0.0 0.0 0.0 0.0 0.0 0.0 0.0 0.0 0.0 0.0 
2 590.157368 0.0 0.0 0.0 -0.00398385309665 0.0 0.0 0.0 1.66771144109e-20 -8.24984993034e-21 2.64605059207e-21 -1.12508214268e-06 -1.12508214268e-06 -1.12508214268e-06 
2 590.157368 0.0 0.0 1.32280829302 -0.00398385309665 0.0 0.0 0.0 -1.71714398345e-20 -3.13559108897e-20 1.49941859818e-20 -1.12508214268e-06 -1.12508214268e-06 -1.12508214268e-06 
2 142.62052 0.0 0.0 1.2971023873 0.0 0.0 0.0 0.0 0.0 0.0 0.0 0.0 0.0 0.0 
2 142.62052 0.0 0.0 0.0257059057159 0.0 0.0 0.0 0.0 0.0 0.0 0.0 0.0 0.0 0.0 
2 23.6144 0.0 0.0 0.945191966369 0.0 0.0 0.0 0.0 0.0 0.0 0.0 0.0 0.0 0.0 
2 23.6144 0.0 0.0 0.377616326651 0.0 0.0 0.0 0.0 0.0 0.0 0.0 0.0 0.0 0.0 
2 590.79987 0.0 0.0 1.32051583529 0.0 0.0 0.0 0.0 0.0 0.0 0.0 0.0 0.0 0.0 
2 590.79987 0.0 0.0 0.0022924577268 0.0 0.0 0.0 0.0 0.0 0.0 0.0 0.0 0.0 0.0 
2 590.157368 0.0 0.0 1.32195347568 0.0 0.0 0.0 0.0 0.0 0.0 0.0 0.0 0.0 0.0 
2 590.157368 0.0 0.0 0.000854817342707 0.0 0.0 0.0 0.0 0.0 0.0 0.0 0.0 0.0 0.0 
2 23.6144 0.0 0.0 0.945191966369 0.0 0.0 0.0 0.0 0.0 0.0 0.0 0.0 0.0 0.0 
2 23.6144 0.0 0.0 0.377616326651 0.0 0.0 0.0 0.0 0.0 0.0 0.0 0.0 0.0 0.0 
2 589.885437 0.0 0.0 0.0 -0.000351602825744 0.0 0.0 0.0 -1.30485299943e-21 7.35916409133e-22 7.53794728938e-23 -9.93421218456e-08 -9.93421218456e-08 -9.93421218456e-08 
2 589.885437 0.0 0.0 1.32280829302 -0.000351602825744 0.0 0.0 0.0 1.45417948107e-21 -1.87499016089e-21 -1.82334226972e-21 -9.93421218456e-08 -9.93421218456e-08 -9.93421218456e-08 
2 589.885437 0.0 0.0 1.32256288237 0.0 0.0 0.0 0.0 0.0 0.0 0.0 0.0 0.0 0.0 
2 589.885437 0.0 0.0 0.000245410654481 0.0 0.0 0.0 0.0 0.0 0.0 0.0 0.0 0.0 0.0 
2 592.54752 0.0 0.0 1.31662112741 0.0 0.0 0.0 0.0 0.0 0.0 0.0 0.0 0.0 0.0 
2 592.54752 0.0 0.0 0.00618716561377 0.0 0.0 0.0 0.0 0.0 0.0 0.0 0.0 0.0 0.0 
2 51.8824 0.0 0.0 1.1509353075 0.0 0.0 0.0 0.0 0.0 0.0 0.0 0.0 0.0 0.0 
2 51.8824 0.0 0.0 0.171872985523 0.0 0.0 0.0 0.0 0.0 0.0 0.0 0.0 0.0 0.0 
2 51.8824 0.0 0.0 1.1509353075 0.0 0.0 0.0 0.0 0.0 0.0 0.0 0.0 0.0 0.0 
2 51.8824 0.0 0.0 0.171872985523 0.0 0.0 0.0 0.0 0.0 0.0 0.0 0.0 0.0 0.0 
2 146.5901 0.0 0.0 1.26197756172 0.0 0.0 0.0 0.0 0.0 0.0 0.0 0.0 0.0 0.0 
2 146.5901 0.0 0.0 0.0608307312982 0.0 0.0 0.0 0.0 0.0 0.0 0.0 0.0 0.0 0.0 
2 146.5901 0.0 0.0 1.26197756172 0.0 0.0 0.0 0.0 0.0 0.0 0.0 0.0 0.0 0.0 
2 146.5901 0.0 0.0 0.0608307312982 0.0 0.0 0.0 0.0 0.0 0.0 0.0 0.0 0.0 0.0 
2 596.5171 0.0 0.0 1.3078595464 0.0 0.0 0.0 0.0 0.0 0.0 0.0 0.0 0.0 0.0 
2 596.5171 0.0 0.0 0.0149487466228 0.0 0.0 0.0 0.0 0.0 0.0 0.0 0.0 0.0 0.0 
2 33.7466 0.0 0.0 0.66140414651 0.0 0.0 0.0 0.0 0.0 0.0 0.0 0.0 0.0 0.0 
2 596.5171 0.0 0.0 1.3078595464 0.0 0.0 0.0 0.0 0.0 0.0 0.0 0.0 0.0 0.0 
2 596.5171 0.0 0.0 0.0149487466228 0.0 0.0 0.0 0.0 0.0 0.0 0.0 0.0 0.0 0.0 
2 62.0146 0.0 0.0 0.962890770846 0.0 0.0 0.0 0.0 0.0 0.0 0.0 0.0 0.0 0.0 
2 62.0146 0.0 0.0 0.359917522174 0.0 0.0 0.0 0.0 0.0 0.0 0.0 0.0 0.0 0.0 
2 156.7223 0.0 0.0 1.18038988051 0.0 0.0 0.0 0.0 0.0 0.0 0.0 0.0 0.0 0.0 
2 156.7223 0.0 0.0 0.142418412508 0.0 0.0 0.0 0.0 0.0 0.0 0.0 0.0 0.0 0.0 
2 606.6493 0.0 0.0 1.28601579829 0.0 0.0 0.0 0.0 0.0 0.0 0.0 0.0 0.0 0.0 
2 606.6493 0.0 0.0 0.0367924947257 0.0 0.0 0.0 0.0 0.0 0.0 0.0 0.0 0.0 0.0 
