520

0 1.713848 0.0 0.0 0.0 0.0716363006361 
0 1.713848 0.0 0.0 1.32280829302 0.0716363006361 
0 3.340244 0.0 0.0 0.0 0.303647803003 
0 3.340244 0.0 0.0 1.32280829302 0.303647803003 
0 4.96664 0.0 0.0 0.0 0.332701902088 
0 4.96664 0.0 0.0 1.32280829302 0.332701902088 
0 0.127014 0.0 0.0 0.0 0.00195227349168 
0 0.127014 0.0 0.0 1.32280829302 0.00195227349168 
0 0.127014 0.0 0.0 0.66140414651 0.0 
0 1.713848 0.0 0.0 0.66140414651 0.0 
0 0.0487366 0.0 0.0 0.0 0.000142693503408 
0 0.0487366 0.0 0.0 1.32280829302 0.000142693503408 
0 0.0878753 0.0 0.0 0.0 0.00105558913332 
0 0.0878753 0.0 0.0 1.32280829302 0.00105558913332 
0 0.0487366 0.0 0.0 0.66140414651 0.0 
0 0.0878753 0.0 0.0 0.955986338195 0.0 
0 0.0878753 0.0 0.0 0.366821954825 0.0 
0 0.920431 0.0 0.0 0.0 -0.00668994988567 
0 0.920431 0.0 0.0 1.32280829302 -0.00668994988567 
0 0.920431 0.0 0.0 1.23153845719 0.0 
0 0.920431 0.0 0.0 0.0912698358321 0.0 
0 11.10971 0.0 0.0 0.0 0.722168693927 
0 11.10971 0.0 0.0 1.32280829302 0.722168693927 
0 3.340244 0.0 0.0 0.983448002668 0.0 
0 3.340244 0.0 0.0 0.339360290352 0.0 
0 9.483314 0.0 0.0 0.0 0.329551673634 
0 9.483314 0.0 0.0 1.32280829302 0.329551673634 
0 0.8812923 0.0 0.0 0.0 -0.00177254072688 
0 0.8812923 0.0 0.0 1.32280829302 -0.00177254072688 
0 0.8812923 0.0 0.0 1.2862317913 0.0 
0 0.8812923 0.0 0.0 0.03657650172 0.0 
0 17.25278 0.0 0.0 0.0 0.391888067978 
0 17.25278 0.0 0.0 1.32280829302 0.391888067978 
0 2.546827 0.0 0.0 0.0 -0.00531677294779 
0 2.546827 0.0 0.0 1.32280829302 -0.00531677294779 
0 2.546827 0.0 0.0 1.28982309761 0.0 
0 2.546827 0.0 0.0 0.0329851954078 0.0 
0 1.160103 0.0 0.0 0.0 0.0113018592056 
0 1.160103 0.0 0.0 1.32280829302 0.0113018592056 
0 7.35222 0.0 0.0 0.0 0.110591601263 
0 7.35222 0.0 0.0 1.32280829302 0.110591601263 
0 5.725824 0.0 0.0 0.0 0.0521813305914 
0 5.725824 0.0 0.0 1.32280829302 0.0521813305914 
0 4.96664 0.0 0.0 0.66140414651 0.0 
0 2.5076883 0.0 0.0 0.0 -0.00135676309092 
0 2.5076883 0.0 0.0 1.32280829302 -0.00135676309092 
0 2.5076883 0.0 0.0 1.30995398839 0.0 
0 2.5076883 0.0 0.0 0.0128543046306 0.0 
0 1.160103 0.0 0.0 0.345700076174 0.0 
0 1.160103 0.0 0.0 0.977108216846 0.0 
0 0.366686 0.0 0.0 0.0 -0.000197891829578 
0 0.366686 0.0 0.0 1.32280829302 -0.000197891829578 
0 0.366686 0.0 0.0 1.09370877391 0.0 
0 0.366686 0.0 0.0 0.229099519111 0.0 
0 32.91982 0.0 0.0 0.0 0.577925950666 
0 32.91982 0.0 0.0 1.32280829302 0.577925950666 
0 9.483314 0.0 0.0 1.2032776971 0.0 
0 9.483314 0.0 0.0 0.119530595917 0.0 
0 2.786499 0.0 0.0 0.0 0.024766522383 
0 2.786499 0.0 0.0 1.32280829302 0.024766522383 
0 13.49529 0.0 0.0 0.0 0.120026052966 
0 13.49529 0.0 0.0 1.32280829302 0.120026052966 
0 39.06289 0.0 0.0 0.0 0.627228197915 
0 39.06289 0.0 0.0 1.32280829302 0.627228197915 
0 31.293424 0.0 0.0 0.0 0.263728497068 
0 31.293424 0.0 0.0 1.32280829302 0.263728497068 
0 0.3275473 0.0 0.0 0.0 -5.04991153476e-05 
0 0.3275473 0.0 0.0 1.32280829302 -5.04991153476e-05 
0 8.689897 0.0 0.0 0.0 -0.00577034118458 
0 8.689897 0.0 0.0 1.32280829302 -0.00577034118458 
0 0.3275473 0.0 0.0 1.22439627947 0.0 
0 0.3275473 0.0 0.0 0.0984120135528 0.0 
0 2.786499 0.0 0.0 1.17888299627 0.0 
0 2.786499 0.0 0.0 0.14392529675 0.0 
0 8.689897 0.0 0.0 1.31314102236 0.0 
0 8.689897 0.0 0.0 0.0096672706552 0.0 
0 5.725824 0.0 0.0 1.12483745534 0.0 
0 5.725824 0.0 0.0 0.19797083768 0.0 
0 60.873 0.0 0.0 0.0 0.250974222237 
0 60.873 0.0 0.0 1.32280829302 0.250974222237 
0 8.6507583 0.0 0.0 0.0 -0.001472507105 
0 8.6507583 0.0 0.0 1.32280829302 -0.001472507105 
0 8.6507583 0.0 0.0 1.31908207756 0.0 
0 8.6507583 0.0 0.0 0.003726215461 0.0 
0 9.7378 0.0 0.0 0.0 0.0095024842088 
0 9.7378 0.0 0.0 1.32280829302 0.0095024842088 
0 4.932407 0.0 0.0 0.0 -0.00243654741747 
0 4.932407 0.0 0.0 1.32280829302 -0.00243654741747 
0 4.932407 0.0 0.0 1.30577653018 0.0 
0 4.932407 0.0 0.0 0.0170317628421 0.0 
0 8.929569 0.0 0.0 0.0 0.0268793280264 
0 8.929569 0.0 0.0 1.32280829302 0.0268793280264 
0 0.606358 0.0 0.0 0.0 0.000460908569427 
0 0.606358 0.0 0.0 1.32280829302 0.000460908569427 
0 35.3054 0.0 0.0 0.0 0.0960525862563 
0 35.3054 0.0 0.0 1.32280829302 0.0960525862563 
0 0.606358 0.0 0.0 0.66140414651 0.0 
0 11.10971 0.0 0.0 1.02712494123 0.0 
0 11.10971 0.0 0.0 0.295683351791 0.0 
0 31.293424 0.0 0.0 1.28658514998 0.0 
0 31.293424 0.0 0.0 0.0362231430376 0.0 
0 8.929569 0.0 0.0 1.27789596909 0.0 
0 8.929569 0.0 0.0 0.0449123239285 0.0 
0 4.8932683 0.0 0.0 0.0 -0.000645577262048 
0 4.8932683 0.0 0.0 1.32280829302 -0.000645577262048 
0 4.8932683 0.0 0.0 1.31622075534 0.0 
0 4.8932683 0.0 0.0 0.00658753768454 0.0 
0 30.500007 0.0 0.0 0.0 -0.00461779905832 
0 30.500007 0.0 0.0 1.32280829302 -0.00461779905832 
0 143.05939 0.0 0.0 0.0 0.385837406938 
0 143.05939 0.0 0.0 1.32280829302 0.385837406938 
0 136.91632 0.0 0.0 0.0 0.355509288244 
0 136.91632 0.0 0.0 1.32280829302 0.355509288244 
0 5.172079 0.0 0.0 0.0 0.00411625144142 
0 5.172079 0.0 0.0 1.32280829302 0.00411625144142 
0 7.35222 0.0 0.0 0.446797877406 0.0 
0 7.35222 0.0 0.0 0.876010415614 0.0 
0 30.500007 0.0 0.0 1.32005394656 0.0 
0 30.500007 0.0 0.0 0.0027543464585 0.0 
0 164.8695 0.0 0.0 0.0 0.308771969877 
0 164.8695 0.0 0.0 1.32280829302 0.308771969877 
0 135.289924 0.0 0.0 0.0 0.162231736045 
0 135.289924 0.0 0.0 1.32280829302 0.162231736045 
0 5.172079 0.0 0.0 0.0775409067552 0.0 
0 5.172079 0.0 0.0 1.24526738626 0.0 
0 30.4608683 0.0 0.0 0.0 -0.00117839512523 
0 30.4608683 0.0 0.0 1.32280829302 -0.00117839512523 
0 30.4608683 0.0 0.0 1.32175006352 0.0 
0 30.4608683 0.0 0.0 0.00105822949659 0.0 
0 30.739679 0.0 0.0 0.0 0.0215105713299 
0 30.739679 0.0 0.0 1.32280829302 0.0215105713299 
0 1.100151 0.0 0.0 0.0 -0.000165318879613 
0 1.100151 0.0 0.0 1.32280829302 -0.000165318879613 
0 0.306734 0.0 0.0 0.0 7.71937558155e-06 
0 0.306734 0.0 0.0 1.32280829302 7.71937558155e-06 
0 1.100151 0.0 0.0 1.03035508188 0.0 
0 1.100151 0.0 0.0 0.292453211138 0.0 
0 0.306734 0.0 0.0 1.04893064573 0.0 
0 0.306734 0.0 0.0 0.273877647293 0.0 
0 30.739679 0.0 0.0 1.30976171256 0.0 
0 30.739679 0.0 0.0 0.0130465804626 0.0 
0 268.866 0.0 0.0 0.0 0.094970041676 
0 268.866 0.0 0.0 1.32280829302 0.094970041676 
0 139.3019 0.0 0.0 0.0 0.0590864392482 
0 139.3019 0.0 0.0 1.32280829302 0.0590864392482 
0 2.726547 0.0 0.0 0.0 -0.000350372047019 
0 2.726547 0.0 0.0 1.32280829302 -0.000350372047019 
0 32.91982 0.0 0.0 1.22302171186 0.0 
0 32.91982 0.0 0.0 0.0997865811606 0.0 
0 0.2675953 0.0 0.0 0.0 2.04529298996e-06 
0 0.2675953 0.0 0.0 1.32280829302 2.04529298996e-06 
0 0.2675953 0.0 0.0 1.20234807071 0.0 
0 0.2675953 0.0 0.0 0.120460222309 0.0 
0 135.289924 0.0 0.0 1.31442964855 0.0 
0 135.289924 0.0 0.0 0.00837864447088 0.0 
0 2.726547 0.0 0.0 1.20480457158 0.0 
0 2.726547 0.0 0.0 0.118003721442 0.0 
0 134.496507 0.0 0.0 0.0 -0.00284062422631 
0 134.496507 0.0 0.0 1.32280829302 -0.00284062422631 
0 134.496507 0.0 0.0 1.32218368508 0.0 
0 134.496507 0.0 0.0 0.000624607940672 0.0 
0 909.08639 0.0 0.0 0.0 0.20833945699 
0 909.08639 0.0 0.0 1.32280829302 0.20833945699 
0 0.546406 0.0 0.0 0.0 -1.30409491055e-05 
0 0.546406 0.0 0.0 1.32280829302 -1.30409491055e-05 
0 902.94332 0.0 0.0 0.0 0.191963274518 
0 902.94332 0.0 0.0 1.32280829302 0.191963274518 
0 134.4573683 0.0 0.0 0.0 -0.000724885968104 
0 134.4573683 0.0 0.0 1.32280829302 -0.000724885968104 
0 134.4573683 0.0 0.0 1.32256855466 0.0 
0 134.4573683 0.0 0.0 0.000239738362682 0.0 
0 8.869617 0.0 0.0 0.0 -0.000380261913137 
0 8.869617 0.0 0.0 1.32280829302 -0.000380261913137 
0 930.8965 0.0 0.0 0.0 0.166726666158 
0 930.8965 0.0 0.0 1.32280829302 0.166726666158 
0 0.546406 0.0 0.0 0.733973813372 0.0 
0 0.546406 0.0 0.0 0.588834479648 0.0 
0 9.7378 0.0 0.0 0.66140414651 0.0 
0 134.736179 0.0 0.0 0.0 0.0132321587124 
0 134.736179 0.0 0.0 1.32280829302 0.0132321587124 
0 13.49529 0.0 0.0 0.845558726847 0.0 
0 13.49529 0.0 0.0 0.477249566173 0.0 
0 901.316924 0.0 0.0 0.0 0.087599779561 
0 901.316924 0.0 0.0 1.32280829302 0.087599779561 
0 8.869617 0.0 0.0 1.28653359337 0.0 
0 8.869617 0.0 0.0 0.0362746996501 0.0 
0 1034.893 0.0 0.0 0.0 0.102561372004 
0 1034.893 0.0 0.0 1.32280829302 0.102561372004 
0 134.736179 0.0 0.0 1.31983175251 0.0 
0 134.736179 0.0 0.0 0.00297654051381 0.0 
0 5.112127 0.0 0.0 0.0 -6.02108081621e-05 
0 5.112127 0.0 0.0 1.32280829302 -6.02108081621e-05 
0 17.25278 0.0 0.0 0.66140414651 0.0 
0 136.91632 0.0 0.0 1.29881585523 0.0 
0 136.91632 0.0 0.0 0.0239924377914 0.0 
0 5.112127 0.0 0.0 1.2598711452 0.0 
0 5.112127 0.0 0.0 0.0629371478225 0.0 
0 905.3289 0.0 0.0 0.0 0.0319047257913 
0 905.3289 0.0 0.0 1.32280829302 0.0319047257913 
0 30.679727 0.0 0.0 0.0 -0.000304310100258 
0 30.679727 0.0 0.0 1.32280829302 -0.000304310100258 
0 901.316924 0.0 0.0 1.32155063753 0.0 
0 901.316924 0.0 0.0 0.00125765548555 0.0 
0 1800.92 0.0 0.0 0.0 0.0276898768331 
0 1800.92 0.0 0.0 1.32280829302 0.0276898768331 
0 30.679727 0.0 0.0 1.31232114974 0.0 
0 30.679727 0.0 0.0 0.010487143275 0.0 
0 900.523507 0.0 0.0 0.0 -0.00153384326708 
0 900.523507 0.0 0.0 1.32280829302 -0.00153384326708 
0 900.523507 0.0 0.0 1.32271500552 0.0 
0 900.523507 0.0 0.0 9.3287499562e-05 0.0 
0 900.4843683 0.0 0.0 0.0 -0.000391414482521 
0 900.4843683 0.0 0.0 1.32280829302 -0.000391414482521 
0 900.4843683 0.0 0.0 1.32277249608 0.0 
0 900.4843683 0.0 0.0 3.57969449127e-05 0.0 
0 900.763179 0.0 0.0 0.0 0.00714492869628 
0 900.763179 0.0 0.0 1.32280829302 0.00714492869628 
0 35.3054 0.0 0.0 1.14038233841 0.0 
0 35.3054 0.0 0.0 0.18242595461 0.0 
0 0.486454 0.0 0.0 0.0 9.53787804293e-08 
0 0.486454 0.0 0.0 1.32280829302 9.53787804293e-08 
0 900.763179 0.0 0.0 1.32236306201 0.0 
0 900.763179 0.0 0.0 0.000445231005018 0.0 
0 0.486454 0.0 0.0 0.66140414651 0.0 
0 134.676227 0.0 0.0 0.0 -0.000187195378618 
0 134.676227 0.0 0.0 1.32280829302 -0.000187195378618 
0 902.94332 0.0 0.0 1.31917023932 0.0 
0 902.94332 0.0 0.0 0.00363805370444 0.0 
0 134.676227 0.0 0.0 1.32041928421 0.0 
0 134.676227 0.0 0.0 0.00238900880915 0.0 
0 39.06289 0.0 0.0 1.03068806764 0.0 
0 39.06289 0.0 0.0 0.292120225381 0.0 
0 139.3019 0.0 0.0 1.27657330773 0.0 
0 139.3019 0.0 0.0 0.0462349852937 0.0 
0 900.703227 0.0 0.0 0.0 -0.000101079322095 
0 900.703227 0.0 0.0 1.32280829302 -0.000101079322095 
0 900.703227 0.0 0.0 1.32245108025 0.0 
0 900.703227 0.0 0.0 0.000357212767804 0.0 
0 905.3289 0.0 0.0 1.31569416986 0.0 
0 905.3289 0.0 0.0 0.00711412316329 0.0 
0 143.05939 0.0 0.0 1.24304379639 0.0 
0 143.05939 0.0 0.0 0.079764496625 0.0 
0 909.08639 0.0 0.0 1.31025606437 0.0 
0 909.08639 0.0 0.0 0.012552228651 0.0 
0 60.873 0.0 0.0 0.66140414651 0.0 
1 0.306734 0.0 0.0 0.0 0.0 -3.53227956293e-18 -1.08767430175e-19 1.02679350583e-18 
1 0.306734 0.0 0.0 1.32280829302 0.0 1.92638459468e-18 -9.49693790098e-18 -1.12485870821e-17 
1 1.100151 0.0 0.0 1.03035508188 0.0 0.0 0.0 0.0 
1 0.306734 0.0 0.0 0.273877647293 0.0 0.0 0.0 0.0 
1 0.127014 0.0 0.0 0.66140414651 0.0 0.0 0.0 0.0 
1 0.2675953 0.0 0.0 0.0 0.0 -1.06641633583e-18 -3.2319001273e-20 2.96560616842e-19 
1 0.2675953 0.0 0.0 1.32280829302 0.0 6.14725318122e-19 -2.93409642563e-18 -3.53945871214e-18 
1 0.2675953 0.0 0.0 0.120460222309 0.0 0.0 0.0 0.0 
1 0.0878753 0.0 0.0 0.0 0.0 1.96374092842e-18 -3.14100586144e-20 5.16599407586e-19 
1 0.0878753 0.0 0.0 1.32280829302 0.0 -1.16655146286e-18 3.79431668454e-18 3.79306853866e-18 
1 0.0878753 0.0 0.0 0.366821954825 0.0 0.0 0.0 0.0 
1 2.726547 0.0 0.0 1.20480457158 0.0 0.0 0.0 0.0 
1 0.920431 0.0 0.0 1.23153845719 0.0 0.0 0.0 0.0 
1 1.713848 0.0 0.0 0.66140414651 0.0 0.0 0.0 0.0 
1 0.0487366 0.0 0.0 0.66140414651 0.0 0.0 0.0 0.0 
1 0.0878753 0.0 0.0 0.955986338195 0.0 0.0 0.0 0.0 
1 0.920431 0.0 0.0 0.0 0.0 -1.02511708767e-18 -3.15658342629e-20 2.97989881486e-19 
1 0.920431 0.0 0.0 1.32280829302 0.0 5.59063836891e-19 -2.75614462257e-18 -3.26449779088e-18 
1 0.920431 0.0 0.0 0.0912698358321 0.0 0.0 0.0 0.0 
1 3.340244 0.0 0.0 0.983448002668 0.0 0.0 0.0 0.0 
1 0.546406 0.0 0.0 0.733973813372 0.0 0.0 0.0 0.0 
1 2.546827 0.0 0.0 1.28982309761 0.0 0.0 0.0 0.0 
1 0.8812923 0.0 0.0 0.0 0.0 -2.81989552392e-19 -8.5460250341e-21 7.84187120835e-20 
1 0.8812923 0.0 0.0 1.32280829302 0.0 1.62550133074e-19 -7.75855085806e-19 -9.35929378062e-19 
1 8.869617 0.0 0.0 1.28653359337 0.0 0.0 0.0 0.0 
1 0.8812923 0.0 0.0 0.03657650172 0.0 0.0 0.0 0.0 
1 0.8812923 0.0 0.0 1.2862317913 0.0 0.0 0.0 0.0 
1 5.725824 0.0 0.0 0.19797083768 0.0 0.0 0.0 0.0 
1 0.366686 0.0 0.0 1.09370877391 0.0 0.0 0.0 0.0 
1 4.932407 0.0 0.0 0.0 0.0 -3.44101218182e-19 -1.0595708679e-20 1.00026311588e-19 
1 4.932407 0.0 0.0 1.32280829302 0.0 1.87661048313e-19 -9.25155510061e-19 -1.09579450007e-18 
1 5.112127 0.0 0.0 1.2598711452 0.0 0.0 0.0 0.0 
1 2.5076883 0.0 0.0 1.30995398839 0.0 0.0 0.0 0.0 
1 4.932407 0.0 0.0 0.0170317628421 0.0 0.0 0.0 0.0 
1 1.160103 0.0 0.0 0.345700076174 0.0 0.0 0.0 0.0 
1 9.483314 0.0 0.0 1.2032776971 0.0 0.0 0.0 0.0 
1 8.689897 0.0 0.0 1.31314102236 0.0 0.0 0.0 0.0 
1 4.8932683 0.0 0.0 0.0 0.0 -9.13554308807e-20 -2.76863377627e-21 2.54051087025e-20 
1 4.8932683 0.0 0.0 1.32280829302 0.0 5.26609490343e-20 -2.51351779041e-19 -3.03210636286e-19 
1 4.8932683 0.0 0.0 0.00658753768454 0.0 0.0 0.0 0.0 
1 0.3275473 0.0 0.0 1.22439627947 0.0 0.0 0.0 0.0 
1 30.679727 0.0 0.0 1.31232114974 0.0 0.0 0.0 0.0 
1 7.35222 0.0 0.0 0.446797877406 0.0 0.0 0.0 0.0 
1 5.725824 0.0 0.0 1.12483745534 0.0 0.0 0.0 0.0 
1 4.932407 0.0 0.0 1.30577653018 0.0 0.0 0.0 0.0 
1 5.172079 0.0 0.0 0.0775409067552 0.0 0.0 0.0 0.0 
1 8.6507583 0.0 0.0 1.31908207756 0.0 0.0 0.0 0.0 
1 31.293424 0.0 0.0 1.28658514998 0.0 0.0 0.0 0.0 
1 30.500007 0.0 0.0 1.32005394656 0.0 0.0 0.0 0.0 
1 4.8932683 0.0 0.0 1.31622075534 0.0 0.0 0.0 0.0 
1 0.486454 0.0 0.0 0.66140414651 0.0 0.0 0.0 0.0 
1 134.676227 0.0 0.0 1.32041928421 0.0 0.0 0.0 0.0 
1 30.4608683 0.0 0.0 1.32175006352 0.0 0.0 0.0 0.0 
1 0.306734 0.0 0.0 1.04893064573 0.0 0.0 0.0 0.0 
1 1.100151 0.0 0.0 0.292453211138 0.0 0.0 0.0 0.0 
1 9.7378 0.0 0.0 0.66140414651 0.0 0.0 0.0 0.0 
1 13.49529 0.0 0.0 0.845558726847 0.0 0.0 0.0 0.0 
1 0.2675953 0.0 0.0 1.20234807071 0.0 0.0 0.0 0.0 
1 135.289924 0.0 0.0 1.31442964855 0.0 0.0 0.0 0.0 
1 134.496507 0.0 0.0 1.32218368508 0.0 0.0 0.0 0.0 
1 5.112127 0.0 0.0 0.0629371478225 0.0 0.0 0.0 0.0 
1 134.4573683 0.0 0.0 1.32256855466 0.0 0.0 0.0 0.0 
1 900.703227 0.0 0.0 1.32245108025 0.0 0.0 0.0 0.0 
1 901.316924 0.0 0.0 1.32155063753 0.0 0.0 0.0 0.0 
1 900.523507 0.0 0.0 1.32271500552 0.0 0.0 0.0 0.0 
1 35.3054 0.0 0.0 1.14038233841 0.0 0.0 0.0 0.0 
1 900.4843683 0.0 0.0 1.32277249608 0.0 0.0 0.0 0.0 
1 139.3019 0.0 0.0 1.27657330773 0.0 0.0 0.0 0.0 
1 905.3289 0.0 0.0 1.31569416986 0.0 0.0 0.0 0.0 
1 1.100151 0.0 0.0 0.0 0.0 2.67490346245e-17 1.28446203585e-18 -1.97141167298e-17 
1 1.100151 0.0 0.0 1.32280829302 0.0 1.48601277831e-17 1.24550710772e-17 -4.22871124839e-17 
1 1.100151 0.0 0.0 0.292453211138 0.0 0.0 0.0 0.0 
1 0.306734 0.0 0.0 1.04893064573 0.0 0.0 0.0 0.0 
1 1.713848 0.0 0.0 0.0 0.0 1.49532581895e-17 7.18040584502e-19 -1.10205950075e-17 
1 1.713848 0.0 0.0 1.32280829302 0.0 8.30711577404e-18 6.96263981861e-18 -2.36393619409e-17 
1 2.726547 0.0 0.0 0.0 0.0 2.31376122118e-17 1.12793258461e-18 -1.74900159115e-17 
1 2.726547 0.0 0.0 1.32280829302 0.0 1.39330743935e-17 8.5942701878e-18 -4.12494569513e-17 
1 0.127014 0.0 0.0 0.0 0.0 5.10765963234e-18 -7.453135098e-20 1.2260891915e-18 
1 0.127014 0.0 0.0 1.32280829302 0.0 -2.88639030836e-18 9.7399318593e-18 9.56758270634e-18 
1 0.127014 0.0 0.0 0.66140414651 0.0 0.0 0.0 0.0 
1 0.2675953 0.0 0.0 1.20234807071 0.0 0.0 0.0 0.0 
1 0.0878753 0.0 0.0 0.955986338195 0.0 0.0 0.0 0.0 
1 2.726547 0.0 0.0 0.118003721442 0.0 0.0 0.0 0.0 
1 3.340244 0.0 0.0 0.0 0.0 1.64475440122e-17 8.01799280684e-19 -1.24329081084e-17 
1 3.340244 0.0 0.0 1.32280829302 0.0 9.90442973174e-18 6.1093009889e-18 -2.93224837755e-17 
1 0.920431 0.0 0.0 0.0 0.0 -1.24122337893e-17 -7.79826929791e-19 1.27880309016e-17 
1 0.920431 0.0 0.0 1.32280829302 0.0 -1.2805104902e-17 -6.36628977578e-18 1.67297765877e-17 
1 0.920431 0.0 0.0 0.0912698358321 0.0 0.0 0.0 0.0 
1 1.713848 0.0 0.0 0.66140414651 0.0 0.0 0.0 0.0 
1 0.0487366 0.0 0.0 0.0 0.0 -4.98405250858e-19 2.41794951379e-20 3.69136606501e-19 
1 0.0487366 0.0 0.0 1.32280829302 0.0 4.86913485513e-19 -1.67777798527e-18 -1.17998329228e-18 
1 7.35222 0.0 0.0 0.0 0.0 1.34412965015e-17 6.55248094083e-19 -1.01604473067e-17 
1 7.35222 0.0 0.0 1.32280829302 0.0 8.09411889117e-18 4.99265580002e-18 -2.39629818467e-17 
1 0.0878753 0.0 0.0 0.0 0.0 -1.05295032943e-18 4.75748524108e-20 7.90422643844e-19 
1 0.0878753 0.0 0.0 1.32280829302 0.0 9.51173081024e-19 -3.45392895063e-18 -2.38600192072e-18 
1 0.0487366 0.0 0.0 0.66140414651 0.0 0.0 0.0 0.0 
1 0.0878753 0.0 0.0 0.366821954825 0.0 0.0 0.0 0.0 
1 5.725824 0.0 0.0 0.0 0.0 8.05101331723e-18 3.86601651285e-19 -5.93362035516e-18 
1 5.725824 0.0 0.0 1.32280829302 0.0 4.4726506342e-18 3.74876867586e-18 -1.27277156179e-17 
1 0.920431 0.0 0.0 1.23153845719 0.0 0.0 0.0 0.0 
1 0.546406 0.0 0.0 0.0 0.0 4.29730141407e-18 2.09488613019e-19 -3.24838489903e-18 
1 0.546406 0.0 0.0 1.32280829302 0.0 2.58776142263e-18 1.59619623204e-18 -7.66117731007e-18 
1 8.869617 0.0 0.0 0.0 0.0 7.71933765209e-18 3.76309032656e-19 -5.83514569806e-18 
1 8.869617 0.0 0.0 1.32280829302 0.0 4.64845312431e-18 2.86728262387e-18 -1.37619423844e-17 
1 13.49529 0.0 0.0 0.0 0.0 7.94750504099e-18 3.87431936365e-19 -6.00762033485e-18 
1 13.49529 0.0 0.0 1.32280829302 0.0 4.78585162397e-18 2.95203346896e-18 -1.41687164629e-17 
1 2.546827 0.0 0.0 0.0 0.0 -9.39544483819e-18 -6.38940492068e-19 1.04781753488e-17 
1 2.546827 0.0 0.0 1.32280829302 0.0 -1.06962318309e-17 -3.94296377553e-18 1.46877005756e-17 
1 3.340244 0.0 0.0 0.339360290352 0.0 0.0 0.0 0.0 
1 0.546406 0.0 0.0 0.588834479648 0.0 0.0 0.0 0.0 
1 2.546827 0.0 0.0 0.0329851954078 0.0 0.0 0.0 0.0 
1 9.483314 0.0 0.0 0.0 0.0 6.28742036585e-18 3.06504674677e-19 -4.7527411746e-18 
1 9.483314 0.0 0.0 1.32280829302 0.0 3.78617702201e-18 2.3354090696e-18 -1.12091374573e-17 
1 0.8812923 0.0 0.0 0.0 0.0 3.18264829452e-18 1.91654116811e-19 -3.40000881741e-18 
1 0.8812923 0.0 0.0 1.32280829302 0.0 4.53653974889e-18 1.77445370264e-18 -3.0090996585e-18 
1 8.869617 0.0 0.0 0.0362746996501 0.0 0.0 0.0 0.0 
1 0.8812923 0.0 0.0 1.2862317913 0.0 0.0 0.0 0.0 
1 0.8812923 0.0 0.0 0.03657650172 0.0 0.0 0.0 0.0 
1 5.725824 0.0 0.0 1.12483745534 0.0 0.0 0.0 0.0 
1 5.112127 0.0 0.0 0.0 0.0 2.09657681787e-18 1.00675533364e-19 -1.54518324495e-18 
1 5.112127 0.0 0.0 1.32280829302 0.0 1.16472986252e-18 9.76222643245e-19 -3.31444409014e-18 
1 0.366686 0.0 0.0 0.0 0.0 -2.42885849148e-18 -1.65175365982e-19 2.70876000121e-18 
1 0.366686 0.0 0.0 1.32280829302 0.0 -2.76513075822e-18 -1.01931321111e-18 3.79698320598e-18 
1 1.160103 0.0 0.0 0.0 0.0 1.76263524313e-18 8.59264865929e-20 -1.33239844139e-18 
1 1.160103 0.0 0.0 1.32280829302 0.0 1.06142880027e-18 6.54715939714e-19 -3.14240492566e-18 
1 0.366686 0.0 0.0 0.229099519111 0.0 0.0 0.0 0.0 
1 5.725824 0.0 0.0 0.0 0.0 1.63012963447e-18 7.82772035844e-20 -1.20141030694e-18 
1 5.725824 0.0 0.0 1.32280829302 0.0 9.05600333294e-19 7.59032269665e-19 -2.57704534701e-18 
1 9.7378 0.0 0.0 0.0 0.0 1.72416844334e-18 8.27928536477e-20 -1.27071718404e-18 
1 9.7378 0.0 0.0 1.32280829302 0.0 9.57842544501e-19 8.02819272261e-19 -2.72570976591e-18 
1 5.112127 0.0 0.0 0.0629371478225 0.0 0.0 0.0 0.0 
1 2.5076883 0.0 0.0 0.0 0.0 2.40832771447e-18 1.54619888016e-19 -2.60171721762e-18 
1 2.5076883 0.0 0.0 1.32280829302 0.0 3.64479913488e-18 1.09490441576e-18 -2.56932907158e-18 
1 2.5076883 0.0 0.0 0.0128543046306 0.0 0.0 0.0 0.0 
1 4.932407 0.0 0.0 1.30577653018 0.0 0.0 0.0 0.0 
1 1.160103 0.0 0.0 0.977108216846 0.0 0.0 0.0 0.0 
1 35.3054 0.0 0.0 0.0 0.0 2.43111462295e-18 1.18514104871e-19 -1.83771052297e-18 
1 35.3054 0.0 0.0 1.32280829302 0.0 1.46397565101e-18 9.03016946426e-19 -4.33416192927e-18 
1 8.689897 0.0 0.0 0.0 0.0 -2.98851570164e-18 -2.03235049095e-19 3.33291207535e-18 
1 8.689897 0.0 0.0 1.32280829302 0.0 -3.40227177376e-18 -1.25418320868e-18 4.67188350813e-18 
1 9.483314 0.0 0.0 0.119530595917 0.0 0.0 0.0 0.0 
1 8.689897 0.0 0.0 0.0096672706552 0.0 0.0 0.0 0.0 
1 30.679727 0.0 0.0 0.0 0.0 1.78594036155e-18 8.70625849166e-20 -1.35001507737e-18 
1 30.679727 0.0 0.0 1.32280829302 0.0 1.07546274404e-18 6.63372428663e-19 -3.18395301065e-18 
1 31.293424 0.0 0.0 0.0 0.0 1.52480069729e-18 7.43323198507e-20 -1.15261627748e-18 
1 31.293424 0.0 0.0 1.32280829302 0.0 9.18208904018e-19 5.66374311018e-19 -2.71839635596e-18 
1 4.8932683 0.0 0.0 1.31622075534 0.0 0.0 0.0 0.0 
1 0.3275473 0.0 0.0 0.0 0.0 6.86269760595e-19 4.40600142973e-20 -7.41377446825e-19 
1 0.3275473 0.0 0.0 1.32280829302 0.0 1.0386109061e-18 3.12000641261e-19 -7.32148218968e-19 
1 0.3275473 0.0 0.0 0.0984120135528 0.0 0.0 0.0 0.0 
1 30.679727 0.0 0.0 0.010487143275 0.0 0.0 0.0 0.0 
1 5.172079 0.0 0.0 0.0 0.0 7.11171354025e-19 3.4668804028e-20 -5.37583488903e-19 
1 5.172079 0.0 0.0 1.32280829302 0.0 4.28255227525e-19 2.64158579129e-19 -1.26786774211e-18 
1 7.35222 0.0 0.0 0.876010415614 0.0 0.0 0.0 0.0 
1 4.932407 0.0 0.0 0.0 0.0 -8.43595553554e-19 -5.30008169103e-20 8.69136546283e-19 
1 4.932407 0.0 0.0 1.32280829302 0.0 -8.70296978084e-19 -4.3268390192e-19 1.1370366834e-18 
1 5.725824 0.0 0.0 0.19797083768 0.0 0.0 0.0 0.0 
1 4.932407 0.0 0.0 0.0170317628421 0.0 0.0 0.0 0.0 
1 8.6507583 0.0 0.0 0.0 0.0 7.57684385627e-19 4.86449888665e-20 -8.18526689604e-19 
1 8.6507583 0.0 0.0 1.32280829302 0.0 1.1466908663e-18 3.44468061632e-19 -8.08337049553e-19 
1 5.172079 0.0 0.0 1.24526738626 0.0 0.0 0.0 0.0 
1 8.6507583 0.0 0.0 0.003726215461 0.0 0.0 0.0 0.0 
1 30.500007 0.0 0.0 0.0 0.0 -6.8140257444e-19 -4.63390189296e-20 7.59927367047e-19 
1 30.500007 0.0 0.0 1.32280829302 0.0 -7.7574186554e-19 -2.85962582277e-19 1.06522226006e-18 
1 31.293424 0.0 0.0 0.0362231430376 0.0 0.0 0.0 0.0 
1 30.500007 0.0 0.0 0.0027543464585 0.0 0.0 0.0 0.0 
1 4.8932683 0.0 0.0 0.0 0.0 2.08766878844e-19 1.25716158625e-20 -2.23024715007e-19 
1 4.8932683 0.0 0.0 1.32280829302 0.0 2.97575841401e-19 1.16395883828e-19 -1.97382898046e-19 
1 4.8932683 0.0 0.0 0.00658753768454 0.0 0.0 0.0 0.0 
1 0.486454 0.0 0.0 0.0 0.0 -6.98036189693e-20 -3.35190035041e-21 5.14454712792e-20 
1 0.486454 0.0 0.0 1.32280829302 0.0 -3.87786218145e-20 -3.25024453373e-20 1.1035140253e-19 
1 139.3019 0.0 0.0 0.0 0.0 3.79025376347e-19 1.84770610062e-20 -2.86510111868e-19 
1 139.3019 0.0 0.0 1.32280829302 0.0 2.28242599855e-19 1.40785767457e-19 -6.75721885298e-19 
1 0.486454 0.0 0.0 0.66140414651 0.0 0.0 0.0 0.0 
1 134.676227 0.0 0.0 0.0 0.0 2.50268538716e-19 1.22003099169e-20 -1.89181177566e-19 
1 134.676227 0.0 0.0 1.32280829302 0.0 1.50707434128e-19 9.2960130092e-20 -4.46175742748e-19 
1 135.289924 0.0 0.0 0.0 0.0 2.1695989867e-19 1.05765511594e-20 -1.64002752106e-19 
1 135.289924 0.0 0.0 1.32280829302 0.0 1.30649540709e-19 8.05879177167e-20 -3.86793499623e-19 
1 30.4608683 0.0 0.0 0.0 0.0 1.722002489e-19 1.10556312753e-20 -1.86027985208e-19 
1 30.4608683 0.0 0.0 1.32280829302 0.0 2.60610428742e-19 7.82878558361e-20 -1.8371216798e-19 
1 134.676227 0.0 0.0 0.00238900880915 0.0 0.0 0.0 0.0 
1 30.4608683 0.0 0.0 0.00105822949659 0.0 0.0 0.0 0.0 
1 0.306734 0.0 0.0 0.0 0.0 4.29772451312e-20 2.70014355921e-21 -4.427843917e-20 
1 0.306734 0.0 0.0 1.32280829302 0.0 4.4337557739e-20 2.20432196908e-20 -5.79266972896e-20 
1 0.306734 0.0 0.0 0.273877647293 0.0 0.0 0.0 0.0 
1 1.100151 0.0 0.0 0.0 0.0 -2.68791260267e-20 -1.29070889559e-21 1.98099944736e-20 
1 1.100151 0.0 0.0 1.32280829302 0.0 -1.49323986104e-20 -1.25156451385e-20 4.24927718594e-20 
1 1.100151 0.0 0.0 1.03035508188 0.0 0.0 0.0 0.0 
1 9.7378 0.0 0.0 0.66140414651 0.0 0.0 0.0 0.0 
1 13.49529 0.0 0.0 0.477249566173 0.0 0.0 0.0 0.0 
1 0.2675953 0.0 0.0 0.0 0.0 -1.20945426475e-20 -7.28314496246e-22 1.29205453568e-20 
1 0.2675953 0.0 0.0 1.32280829302 0.0 -1.72395339943e-20 -6.74319120326e-21 1.1435031704e-20 
1 134.496507 0.0 0.0 0.0 0.0 -9.50542324678e-20 -6.46419611973e-21 1.06008276628e-19 
1 134.496507 0.0 0.0 1.32280829302 0.0 -1.08214366056e-19 -3.98911815019e-20 1.48596275001e-19 
1 0.2675953 0.0 0.0 0.120460222309 0.0 0.0 0.0 0.0 
1 135.289924 0.0 0.0 0.00837864447088 0.0 0.0 0.0 0.0 
1 134.496507 0.0 0.0 0.000624607940672 0.0 0.0 0.0 0.0 
1 5.112127 0.0 0.0 0.0 0.0 -1.04050988988e-20 -4.99642499344e-22 7.66858831192e-21 
1 5.112127 0.0 0.0 1.32280829302 0.0 -5.78043661774e-21 -4.84489433618e-21 1.64492511119e-20 
1 5.112127 0.0 0.0 1.2598711452 0.0 0.0 0.0 0.0 
1 905.3289 0.0 0.0 0.0 0.0 3.14909774656e-20 1.53514975009e-21 -2.38044311531e-20 
1 905.3289 0.0 0.0 1.32280829302 0.0 1.8963328097e-20 1.16970569971e-20 -5.61417361234e-20 
1 134.4573683 0.0 0.0 0.0 0.0 2.39977322178e-20 1.54070670942e-21 -2.59247579637e-20 
1 134.4573683 0.0 0.0 1.32280829302 0.0 3.63185263788e-20 1.09101526407e-20 -2.56020269454e-20 
1 134.4573683 0.0 0.0 0.000239738362682 0.0 0.0 0.0 0.0 
1 900.703227 0.0 0.0 0.0 0.0 2.02061083658e-20 9.85025067637e-22 -1.52740547984e-20 
1 900.703227 0.0 0.0 1.32280829302 0.0 1.21677729096e-20 7.50538790042e-21 -3.60232071294e-20 
1 901.316924 0.0 0.0 0.0 0.0 1.75846850369e-20 8.57233627292e-22 -1.32924874995e-20 
1 901.316924 0.0 0.0 1.32280829302 0.0 1.05891966104e-20 6.53168239621e-21 -3.13497651266e-20 
1 900.703227 0.0 0.0 0.000357212767804 0.0 0.0 0.0 0.0 
1 900.523507 0.0 0.0 0.0 0.0 -7.66574923877e-21 -5.21311941589e-22 8.54914973025e-21 
1 900.523507 0.0 0.0 1.32280829302 0.0 -8.72706214844e-21 -3.21706657655e-21 1.19837039593e-20 
1 901.316924 0.0 0.0 0.00125765548555 0.0 0.0 0.0 0.0 
1 900.523507 0.0 0.0 9.3287499562e-05 0.0 0.0 0.0 0.0 
1 35.3054 0.0 0.0 0.18242595461 0.0 0.0 0.0 0.0 
1 900.4843683 0.0 0.0 0.0 0.0 1.93484343856e-21 1.24221165583e-22 -2.09021199949e-21 
1 900.4843683 0.0 0.0 1.32280829302 0.0 2.92822095955e-21 8.79643003716e-22 -2.06419145773e-21 
1 900.4843683 0.0 0.0 3.57969449127e-05 0.0 0.0 0.0 0.0 
1 139.3019 0.0 0.0 0.0462349852937 0.0 0.0 0.0 0.0 
1 905.3289 0.0 0.0 0.00711412316329 0.0 0.0 0.0 0.0 
2 0.486454 0.0 0.0 0.0 1.95310153904e-32 0.0 0.0 0.0 1.23770890115e-33 -1.90639334668e-32 -9.30752110734e-34 1.28212503109e-32 3.00749020631e-35 7.22355893885e-33 
2 0.486454 0.0 0.0 1.32280829302 5.96811373221e-32 0.0 0.0 0.0 2.9857353038e-33 -3.13908296019e-32 -3.76611266436e-33 5.02038143671e-33 5.80853945626e-33 5.05141221513e-32 
2 0.486454 0.0 0.0 0.66140414651 0.0 0.0 0.0 0.0 0.0 0.0 0.0 0.0 0.0 0.0 
2 0.306734 0.0 0.0 0.0 -2.77997164827e-32 0.0 0.0 0.0 -2.79045707969e-33 4.444632372e-32 2.54559020319e-33 -2.48419045228e-32 -7.93933094753e-35 -2.03943771217e-32 
2 0.306734 0.0 0.0 1.32280829302 -7.09955880687e-32 0.0 0.0 0.0 -9.05924321089e-33 8.23575918562e-32 6.8372634433e-33 -1.79685309043e-32 -1.24369786177e-32 -8.53227567751e-32 
2 0.306734 0.0 0.0 1.04893064573 0.0 0.0 0.0 0.0 0.0 0.0 0.0 0.0 0.0 0.0 
2 0.306734 0.0 0.0 0.273877647293 0.0 0.0 0.0 0.0 0.0 0.0 0.0 0.0 0.0 0.0 
2 1.100151 0.0 0.0 0.0 1.50415302777e-32 0.0 0.0 0.0 4.2147827627e-34 -6.49186073485e-33 -3.16949966914e-34 4.36603346367e-33 1.02414371172e-35 2.45984590339e-33 
2 1.100151 0.0 0.0 1.32280829302 4.59625685656e-32 0.0 0.0 0.0 1.01673549255e-33 -1.06895512661e-32 -1.2824781922e-33 1.70959561833e-33 1.97798787373e-33 1.720162561e-32 
2 0.127014 0.0 0.0 0.0 1.59376892234e-32 0.0 0.0 0.0 3.46233485402e-33 -5.67762900565e-32 -4.17841101006e-33 2.83495586173e-32 1.27390689882e-34 3.42629424505e-32 
2 0.127014 0.0 0.0 1.32280829302 3.46281006798e-32 0.0 0.0 0.0 1.46349863666e-32 -1.09127072806e-31 -6.87971393585e-33 3.73050429066e-32 1.54373366477e-32 8.35736985151e-32 
2 1.100151 0.0 0.0 1.03035508188 0.0 0.0 0.0 0.0 0.0 0.0 0.0 0.0 0.0 0.0 
2 1.100151 0.0 0.0 0.292453211138 0.0 0.0 0.0 0.0 0.0 0.0 0.0 0.0 0.0 0.0 
2 0.127014 0.0 0.0 0.66140414651 0.0 0.0 0.0 0.0 0.0 0.0 0.0 0.0 0.0 0.0 
2 1.713848 0.0 0.0 0.0 4.20426174186e-33 0.0 0.0 0.0 7.56228280599e-35 -1.16478807042e-33 -5.68680622489e-35 7.83366110463e-34 1.83754770247e-36 4.41352530556e-34 
2 1.713848 0.0 0.0 1.32280829302 1.28470085829e-32 0.0 0.0 0.0 1.82425566547e-34 -1.91794961436e-33 -2.30105875628e-34 3.06740495953e-34 3.54896195844e-34 3.08636446785e-33 
2 0.2675953 0.0 0.0 0.0 7.83477943466e-33 0.0 0.0 0.0 8.89325844653e-34 -1.47082736929e-32 -8.11453127856e-34 8.08885736911e-33 2.47947366878e-35 6.52558003815e-33 
2 0.2675953 0.0 0.0 1.32280829302 1.67164634272e-32 0.0 0.0 0.0 4.22973004357e-33 -3.00188199808e-32 -2.64757669007e-33 7.79380253003e-33 4.12562040356e-33 1.9315175408e-32 
2 0.2675953 0.0 0.0 1.20234807071 0.0 0.0 0.0 0.0 0.0 0.0 0.0 0.0 0.0 0.0 
2 0.2675953 0.0 0.0 0.120460222309 0.0 0.0 0.0 0.0 0.0 0.0 0.0 0.0 0.0 0.0 
2 0.0878753 0.0 0.0 0.0 -1.10023707849e-32 0.0 0.0 0.0 -3.5732627523e-33 6.1466906017e-32 4.1569542921e-33 -2.88038695618e-32 -1.28278648766e-34 -3.36700322932e-32 
2 0.0878753 0.0 0.0 1.32280829302 -2.24923449966e-32 0.0 0.0 0.0 -2.08276863174e-32 1.13766473038e-31 8.1548258534e-33 -5.15255600265e-32 -1.62886536615e-32 -6.01645527946e-32 
2 0.0878753 0.0 0.0 0.955986338195 0.0 0.0 0.0 0.0 0.0 0.0 0.0 0.0 0.0 0.0 
2 0.0878753 0.0 0.0 0.366821954825 0.0 0.0 0.0 0.0 0.0 0.0 0.0 0.0 0.0 0.0 
2 5.112127 0.0 0.0 0.0 5.82268225438e-33 0.0 0.0 0.0 3.51121099345e-35 -5.40817737557e-34 -2.64041653119e-35 3.63721348371e-34 8.53183867815e-37 2.04922494574e-34 
2 5.112127 0.0 0.0 1.32280829302 1.77924338423e-32 0.0 0.0 0.0 8.470122993e-35 -8.90514933597e-34 -1.06839469098e-34 1.42421359946e-34 1.64780325776e-34 1.4330166072e-33 
2 0.920431 0.0 0.0 0.0 -8.06786775819e-33 0.0 0.0 0.0 -2.69876104107e-34 4.29857917355e-33 2.4619406322e-34 -2.40255851273e-33 -7.67843992631e-36 -1.9724206057e-33 
2 0.920431 0.0 0.0 1.32280829302 -2.06039157381e-32 0.0 0.0 0.0 -8.76155122295e-34 7.96512736052e-33 6.61258699968e-34 -1.73780745537e-33 -1.20282922846e-33 -8.25190014845e-33 
2 0.920431 0.0 0.0 1.23153845719 0.0 0.0 0.0 0.0 0.0 0.0 0.0 0.0 0.0 0.0 
2 0.920431 0.0 0.0 0.0912698358321 0.0 0.0 0.0 0.0 0.0 0.0 0.0 0.0 0.0 0.0 
2 1.713848 0.0 0.0 0.66140414651 0.0 0.0 0.0 0.0 0.0 0.0 0.0 0.0 0.0 0.0 
2 0.0487366 0.0 0.0 0.0 2.4542116582e-33 0.0 0.0 0.0 1.44647592437e-33 -2.50138993042e-32 -1.58682901355e-33 1.16454171809e-32 5.04488709142e-35 1.34824563814e-32 
2 0.0487366 0.0 0.0 1.32280829302 5.00250179725e-33 0.0 0.0 0.0 1.10708835403e-32 -4.17187836807e-32 -3.17696713022e-33 2.77652027472e-32 6.70639578938e-33 1.68502191246e-32 
2 0.0487366 0.0 0.0 0.66140414651 0.0 0.0 0.0 0.0 0.0 0.0 0.0 0.0 0.0 0.0 
2 5.725824 0.0 0.0 0.0 4.52724975973e-33 0.0 0.0 0.0 2.43742875673e-35 -3.75427369112e-34 -1.83293661215e-35 2.52489775069e-34 5.92267140331e-37 1.42254049132e-34 
2 5.725824 0.0 0.0 1.32280829302 1.38339666014e-32 0.0 0.0 0.0 5.87982932233e-35 -6.18181792975e-34 -7.41663189195e-35 9.88667211834e-35 1.14387971939e-34 9.94778124634e-34 
2 9.7378 0.0 0.0 0.0 2.39420871991e-33 0.0 0.0 0.0 7.57943143352e-36 -1.16742940469e-34 -5.69970192375e-36 7.85142512376e-35 1.84171462163e-37 4.4235336461e-35 
2 9.7378 0.0 0.0 1.32280829302 7.3160097688e-33 0.0 0.0 0.0 1.82839244291e-35 -1.92229885709e-34 -2.30627675732e-35 3.07436076725e-35 3.55700976997e-35 3.09336326914e-34 
2 5.112127 0.0 0.0 1.2598711452 0.0 0.0 0.0 0.0 0.0 0.0 0.0 0.0 0.0 0.0 
2 5.112127 0.0 0.0 0.0629371478225 0.0 0.0 0.0 0.0 0.0 0.0 0.0 0.0 0.0 0.0 
2 0.8812923 0.0 0.0 0.0 2.07172927838e-33 0.0 0.0 0.0 7.14045108098e-35 -1.18093620489e-33 -6.51520632037e-35 6.49459258295e-34 1.99078442901e-36 5.23942774378e-34 
2 0.8812923 0.0 0.0 1.32280829302 4.42028866311e-33 0.0 0.0 0.0 3.39607587516e-34 -2.41022924129e-33 -2.12575536315e-34 6.25769126525e-34 3.31248561451e-34 1.5508271344e-33 
2 0.8812923 0.0 0.0 1.2862317913 0.0 0.0 0.0 0.0 0.0 0.0 0.0 0.0 0.0 0.0 
2 0.8812923 0.0 0.0 0.03657650172 0.0 0.0 0.0 0.0 0.0 0.0 0.0 0.0 0.0 0.0 
2 4.932407 0.0 0.0 0.0 -2.70814247184e-33 0.0 0.0 0.0 -1.69047791434e-35 2.69258857873e-34 1.54213589192e-35 -1.50493950441e-34 -4.80970079027e-37 -1.2355052637e-34 
2 4.932407 0.0 0.0 1.32280829302 -6.91611971949e-33 0.0 0.0 0.0 -5.48815127102e-35 4.98927903691e-34 4.14206078622e-35 -1.08854584677e-34 -7.5344063979e-35 -5.1689107483e-34 
2 5.725824 0.0 0.0 1.12483745534 0.0 0.0 0.0 0.0 0.0 0.0 0.0 0.0 0.0 0.0 
2 5.725824 0.0 0.0 0.19797083768 0.0 0.0 0.0 0.0 0.0 0.0 0.0 0.0 0.0 0.0 
2 4.932407 0.0 0.0 1.30577653018 0.0 0.0 0.0 0.0 0.0 0.0 0.0 0.0 0.0 0.0 
2 4.932407 0.0 0.0 0.0170317628421 0.0 0.0 0.0 0.0 0.0 0.0 0.0 0.0 0.0 0.0 
2 4.8932683 0.0 0.0 0.0 6.71172812215e-34 0.0 0.0 0.0 4.16627513706e-36 -6.89046825349e-35 -3.80146041161e-36 3.78943280989e-35 1.16157306811e-37 3.05707542756e-35 
2 4.8932683 0.0 0.0 1.32280829302 1.43202956283e-33 0.0 0.0 0.0 1.98152558176e-35 -1.40630865595e-34 -1.24032524227e-35 3.65120679886e-35 1.93275274925e-35 9.04868958369e-35 
2 4.8932683 0.0 0.0 1.31622075534 0.0 0.0 0.0 0.0 0.0 0.0 0.0 0.0 0.0 0.0 
2 4.8932683 0.0 0.0 0.00658753768454 0.0 0.0 0.0 0.0 0.0 0.0 0.0 0.0 0.0 0.0 
2 9.7378 0.0 0.0 0.66140414651 0.0 0.0 0.0 0.0 0.0 0.0 0.0 0.0 0.0 0.0 
