1502

0 0.15018 0.0 0.0 0.0 0.00168413098352 
0 0.15018 0.0 0.0 1.32280829302 0.00168413098352 
0 0.15018 0.0 0.0 0.66140414651 0.0 
0 0.05664 0.0 0.0 0.0 0.000340666793676 
0 0.05664 0.0 0.0 1.32280829302 0.000340666793676 
0 0.10341 0.0 0.0 0.0 0.00151467306447 
0 0.10341 0.0 0.0 1.32280829302 0.00151467306447 
0 0.05664 0.0 0.0 0.66140414651 0.0 
0 0.10341 0.0 0.0 0.960542256289 0.0 
0 0.10341 0.0 0.0 0.362266036731 0.0 
0 0.55489 0.0 0.0 0.0 -0.00266052857899 
0 0.55489 0.0 0.0 1.32280829302 -0.00266052857899 
0 2.378 0.0 0.0 0.0 0.102029776029 
0 2.378 0.0 0.0 1.32280829302 0.102029776029 
0 0.55489 0.0 0.0 1.1438004271 0.0 
0 0.55489 0.0 0.0 0.179007865925 0.0 
0 2.378 0.0 0.0 0.0 -9.74942512509e-06 
0 2.378 0.0 0.0 1.32280829302 -9.74942512809e-06 
0 0.9596 0.0 0.0 0.0 0.00105091135181 
0 0.9596 0.0 0.0 1.32280829302 0.00105091135181 
0 2.378 0.0 0.0 0.0 0.00320771074881 
0 2.378 0.0 0.0 1.32280829302 0.00320771074881 
0 1.6688 0.0 0.0 0.0 -5.58038869447e-06 
0 1.6688 0.0 0.0 1.32280829302 -5.58038869619e-06 
0 5.86 0.0 0.0 0.0 0.252953809659 
0 5.86 0.0 0.0 1.32280829302 0.252953809659 
0 4.119 0.0 0.0 0.0 0.321302477707 
0 4.119 0.0 0.0 1.32280829302 0.321302477707 
0 1.6688 0.0 0.0 0.0 0.00367206734102 
0 1.6688 0.0 0.0 1.32280829302 0.00367206734102 
0 4.119 0.0 0.0 0.0 -1.53509816978e-05 
0 4.119 0.0 0.0 1.32280829302 -1.53509817026e-05 
0 1.26409 0.0 0.0 0.0 0.0003304484085 
0 1.26409 0.0 0.0 1.32280829302 0.000330448408501 
0 1.26409 0.0 0.0 0.0 -0.00464817517098 
0 1.26409 0.0 0.0 1.32280829302 -0.00464817517098 
0 1.26409 0.0 0.0 1.24423028455 0.0 
0 1.26409 0.0 0.0 0.0785780084669 0.0 
0 0.9596 0.0 0.0 0.66140414651 0.0 
0 1.26409 0.0 0.0 1.24423028455 0.0 
0 1.26409 0.0 0.0 0.0785780084669 0.0 
0 0.50812 0.0 0.0 0.0 -0.00119666582681 
0 0.50812 0.0 0.0 1.32280829302 -0.00119666582681 
0 0.50812 0.0 0.0 1.24908175036 0.0 
0 0.50812 0.0 0.0 0.0737265426638 0.0 
0 3.4098 0.0 0.0 0.0 -8.78661496616e-06 
0 3.4098 0.0 0.0 1.32280829302 -8.78661496887e-06 
0 5.86 0.0 0.0 0.0 -1.70183816197e-05 
0 5.86 0.0 0.0 1.32280829302 -1.70183816249e-05 
0 4.119 0.0 0.0 0.0 -1.08083926238e-05 
0 4.119 0.0 0.0 1.32280829302 -1.08083926271e-05 
0 0.55489 0.0 0.0 0.0 8.11484090012e-05 
0 0.55489 0.0 0.0 1.32280829302 8.11484090014e-05 
0 4.119 0.0 0.0 0.0 0.00711225467181 
0 4.119 0.0 0.0 1.32280829302 0.00711225467181 
0 1.6688 0.0 0.0 0.94248505537 0.0 
0 1.6688 0.0 0.0 0.38032323765 0.0 
0 0.55489 0.0 0.0 1.1438004271 0.0 
0 0.55489 0.0 0.0 0.179007865925 0.0 
0 1.6688 0.0 0.0 0.94248505537 0.0 
0 1.6688 0.0 0.0 0.38032323765 0.0 
0 10.336 0.0 0.0 0.0 0.533659666688 
0 10.336 0.0 0.0 1.32280829302 0.533659666688 
0 0.9596 0.0 0.0 0.0 -1.37037931646e-06 
0 0.9596 0.0 0.0 1.32280829302 -1.37037931688e-06 
0 1.6688 0.0 0.0 0.0 0.050111023582 
0 1.6688 0.0 0.0 1.32280829302 0.050111023582 
0 3.00509 0.0 0.0 0.0 0.000520308367506 
0 3.00509 0.0 0.0 1.32280829302 0.000520308367507 
0 1.6688 0.0 0.0 0.0 -2.39417203178e-06 
0 1.6688 0.0 0.0 1.32280829302 -2.39417203252e-06 
0 1.21732 0.0 0.0 0.0 -5.36836089987e-05 
0 1.21732 0.0 0.0 1.32280829302 -5.36836089985e-05 
0 2.378 0.0 0.0 0.66140414651 0.0 
0 3.4098 0.0 0.0 0.0 0.00407092162395 
0 3.4098 0.0 0.0 1.32280829302 0.00407092162395 
0 5.86 0.0 0.0 0.0 0.00394238839455 
0 5.86 0.0 0.0 1.32280829302 0.00394238839455 
0 1.21732 0.0 0.0 1.29203419019 0.0 
0 1.21732 0.0 0.0 0.0307741028311 0.0 
0 8.595 0.0 0.0 0.0 0.338927833091 
0 8.595 0.0 0.0 1.32280829302 0.338927833091 
0 1.21732 0.0 0.0 0.0 -0.00209067943417 
0 1.21732 0.0 0.0 1.32280829302 -0.00209067943418 
0 3.00509 0.0 0.0 1.28975448274 0.0 
0 3.00509 0.0 0.0 0.0330538102762 0.0 
0 2.378 0.0 0.0 0.66140414651 0.0 
0 2.378 0.0 0.0 0.66140414651 0.0 
0 1.21732 0.0 0.0 1.29203419019 0.0 
0 1.21732 0.0 0.0 0.0307741028311 0.0 
0 8.595 0.0 0.0 0.0 -1.61930745128e-05 
0 8.595 0.0 0.0 1.32280829302 -1.61930745178e-05 
0 2.378 0.0 0.0 0.66140414651 0.0 
0 14.812 0.0 0.0 0.0 0.281467039609 
0 14.812 0.0 0.0 1.32280829302 0.281467039609 
0 10.336 0.0 0.0 0.0 -1.79519412556e-05 
0 10.336 0.0 0.0 1.32280829302 -1.79519412611e-05 
0 0.9596 0.0 0.0 0.66140414651 0.0 
0 0.9596 0.0 0.0 0.66140414651 0.0 
0 10.336 0.0 0.0 0.0 -1.71365687804e-05 
0 10.336 0.0 0.0 1.32280829302 -1.71365687856e-05 
0 0.50812 0.0 0.0 0.0 -1.31831152689e-05 
0 0.50812 0.0 0.0 1.32280829302 -1.31831152689e-05 
0 3.4098 0.0 0.0 1.13667320621 0.0 
0 3.4098 0.0 0.0 0.186135086806 0.0 
0 0.50812 0.0 0.0 1.24908175036 0.0 
0 0.50812 0.0 0.0 0.0737265426638 0.0 
0 3.4098 0.0 0.0 0.0 0.0789024374255 
0 3.4098 0.0 0.0 1.32280829302 0.0789024374255 
0 3.00509 0.0 0.0 0.0 -0.00515305277876 
0 3.00509 0.0 0.0 1.32280829302 -0.00515305277876 
0 3.00509 0.0 0.0 1.28975448274 0.0 
0 3.00509 0.0 0.0 0.0330538102762 0.0 
0 1.6688 0.0 0.0 0.94248505537 0.0 
0 1.6688 0.0 0.0 0.38032323765 0.0 
0 8.595 0.0 0.0 0.0 -1.08834534177e-05 
0 8.595 0.0 0.0 1.32280829302 -1.08834534211e-05 
0 7.8858 0.0 0.0 0.0 -9.26861315212e-06 
0 7.8858 0.0 0.0 1.32280829302 -9.26861315497e-06 
0 1.6688 0.0 0.0 0.38032323765 0.0 
0 1.6688 0.0 0.0 0.94248505537 0.0 
0 8.595 0.0 0.0 0.0 0.00716164698212 
0 8.595 0.0 0.0 1.32280829302 0.00716164698212 
0 0.9596 0.0 0.0 0.0 0.00615289668902 
0 0.9596 0.0 0.0 1.32280829302 0.00615289668902 
0 2.95832 0.0 0.0 0.0 -8.45276607224e-05 
0 2.95832 0.0 0.0 1.32280829302 -8.45276607221e-05 
0 4.119 0.0 0.0 0.940963413097 0.0 
0 4.119 0.0 0.0 0.381844879922 0.0 
0 2.95832 0.0 0.0 1.31014504805 0.0 
0 2.95832 0.0 0.0 0.0126632449696 0.0 
0 14.812 0.0 0.0 0.0 -1.80766116862e-05 
0 14.812 0.0 0.0 1.32280829302 -1.80766116918e-05 
0 10.336 0.0 0.0 0.0 0.00793953401586 
0 10.336 0.0 0.0 1.32280829302 0.00793953401587 
0 3.4098 0.0 0.0 1.13667320621 0.0 
0 3.4098 0.0 0.0 0.186135086806 0.0 
0 4.119 0.0 0.0 0.940963413097 0.0 
0 4.119 0.0 0.0 0.381844879922 0.0 
0 3.4098 0.0 0.0 0.0 -2.65422329998e-06 
0 3.4098 0.0 0.0 1.32280829302 -2.6542233008e-06 
0 22.8 0.0 0.0 0.0 0.447694161606 
0 22.8 0.0 0.0 1.32280829302 0.447694161606 
0 7.48109 0.0 0.0 0.0 0.000548850381723 
0 7.48109 0.0 0.0 1.32280829302 0.000548850381724 
0 7.8858 0.0 0.0 0.0 0.00409919285907 
0 7.8858 0.0 0.0 1.32280829302 0.00409919285907 
0 0.9596 0.0 0.0 0.66140414651 0.0 
0 2.95832 0.0 0.0 0.0 -0.00231776580518 
0 2.95832 0.0 0.0 1.32280829302 -0.00231776580518 
0 3.4098 0.0 0.0 1.13667320621 0.0 
0 3.4098 0.0 0.0 0.186135086806 0.0 
0 4.119 0.0 0.0 0.381844879922 0.0 
0 4.119 0.0 0.0 0.940963413097 0.0 
0 2.95832 0.0 0.0 1.31014504805 0.0 
0 2.95832 0.0 0.0 0.0126632449696 0.0 
0 7.48109 0.0 0.0 1.30953085955 0.0 
0 7.48109 0.0 0.0 0.0132774334653 0.0 
0 4.119 0.0 0.0 0.940963413097 0.0 
0 4.119 0.0 0.0 0.381844879922 0.0 
0 14.812 0.0 0.0 0.0 0.00399733575694 
0 14.812 0.0 0.0 1.32280829302 0.00399733575694 
0 27.276 0.0 0.0 0.0 0.472252853957 
0 27.276 0.0 0.0 1.32280829302 0.472252853957 
0 21.059 0.0 0.0 0.0 0.284331047579 
0 21.059 0.0 0.0 1.32280829302 0.284331047579 
0 7.8858 0.0 0.0 0.0 0.0832307062587 
0 7.8858 0.0 0.0 1.32280829302 0.0832307062587 
0 7.8858 0.0 0.0 1.24232395167 0.0 
0 7.8858 0.0 0.0 0.0804843413466 0.0 
0 22.8 0.0 0.0 0.0 -1.50601212557e-05 
0 22.8 0.0 0.0 1.32280829302 -1.50601212603e-05 
0 21.059 0.0 0.0 0.0 -1.35845846527e-05 
0 21.059 0.0 0.0 1.32280829302 -1.35845846568e-05 
0 7.48109 0.0 0.0 0.0 -0.00518883906505 
0 7.48109 0.0 0.0 1.32280829302 -0.00518883906505 
0 3.4098 0.0 0.0 0.186135086806 0.0 
0 3.4098 0.0 0.0 1.13667320621 0.0 
0 22.8 0.0 0.0 0.0 -1.34492786484e-05 
0 22.8 0.0 0.0 1.32280829302 -1.34492786526e-05 
0 7.48109 0.0 0.0 1.30953085955 0.0 
0 7.48109 0.0 0.0 0.0132774334653 0.0 
0 27.276 0.0 0.0 0.0 -1.5164708931e-05 
0 27.276 0.0 0.0 1.32280829302 -1.51647089357e-05 
0 27.276 0.0 0.0 0.0 -1.41870517198e-05 
0 27.276 0.0 0.0 1.32280829302 -1.41870517242e-05 
0 5.86 0.0 0.0 0.66140414651 0.0 
0 7.43432 0.0 0.0 0.0 -8.91645065713e-05 
0 7.43432 0.0 0.0 1.32280829302 -8.91645065709e-05 
0 7.43432 0.0 0.0 1.31776924024 0.0 
0 7.43432 0.0 0.0 0.00503905277932 0.0 
0 39.74 0.0 0.0 0.0 0.198089586599 
0 39.74 0.0 0.0 1.32280829302 0.198089586599 
0 7.8858 0.0 0.0 0.0 -2.67265602306e-06 
0 7.8858 0.0 0.0 1.32280829302 -2.67265602388e-06 
0 7.8858 0.0 0.0 1.24232395167 0.0 
0 7.8858 0.0 0.0 0.0804843413466 0.0 
0 8.595 0.0 0.0 1.13981596488 0.0 
0 8.595 0.0 0.0 0.182992328144 0.0 
0 21.059 0.0 0.0 0.0 -8.54165145594e-06 
0 21.059 0.0 0.0 1.32280829302 -8.54165145856e-06 
0 8.595 0.0 0.0 1.13981596488 0.0 
0 8.595 0.0 0.0 0.182992328144 0.0 
0 20.3498 0.0 0.0 0.0 -7.77556231697e-06 
0 20.3498 0.0 0.0 1.32280829302 -7.77556231936e-06 
0 22.8 0.0 0.0 0.0 0.00623117770463 
0 22.8 0.0 0.0 1.32280829302 0.00623117770463 
0 21.059 0.0 0.0 0.0 0.00562066928792 
0 21.059 0.0 0.0 1.32280829302 0.00562066928792 
0 7.8858 0.0 0.0 1.24232395167 0.0 
0 7.8858 0.0 0.0 0.0804843413466 0.0 
0 5.86 0.0 0.0 0.66140414651 0.0 
0 5.86 0.0 0.0 0.66140414651 0.0 
0 27.276 0.0 0.0 0.0 0.00627445122013 
0 27.276 0.0 0.0 1.32280829302 0.00627445122013 
0 7.43432 0.0 0.0 0.0 -0.00233386193969 
0 7.43432 0.0 0.0 1.32280829302 -0.00233386193969 
0 7.43432 0.0 0.0 1.31776924024 0.0 
0 7.43432 0.0 0.0 0.00503905277932 0.0 
0 8.595 0.0 0.0 0.182992328144 0.0 
0 8.595 0.0 0.0 1.13981596488 0.0 
0 39.74 0.0 0.0 0.0 -1.1901705566e-05 
0 39.74 0.0 0.0 1.32280829302 -1.19017055697e-05 
0 8.595 0.0 0.0 1.13981596488 0.0 
0 8.595 0.0 0.0 0.182992328144 0.0 
0 19.94509 0.0 0.0 0.0 0.000460437853618 
0 19.94509 0.0 0.0 1.32280829302 0.000460437853619 
0 20.3498 0.0 0.0 0.0 0.00321716603259 
0 20.3498 0.0 0.0 1.32280829302 0.00321716603259 
0 19.94509 0.0 0.0 1.31782813626 0.0 
0 19.94509 0.0 0.0 0.00498015675652 0.0 
0 5.86 0.0 0.0 0.66140414651 0.0 
0 62.17 0.0 0.0 0.0 0.320455203979 
0 62.17 0.0 0.0 1.32280829302 0.320455203979 
0 7.8858 0.0 0.0 0.0804843413466 0.0 
0 7.8858 0.0 0.0 1.24232395167 0.0 
0 66.646 0.0 0.0 0.0 0.33803408135 
0 66.646 0.0 0.0 1.32280829302 0.33803408135 
0 20.3498 0.0 0.0 0.0 0.0698233416993 
0 20.3498 0.0 0.0 1.32280829302 0.0698233416993 
0 20.3498 0.0 0.0 1.2916196121 0.0 
0 20.3498 0.0 0.0 0.0311886809203 0.0 
0 39.74 0.0 0.0 0.0 0.00246218609767 
0 39.74 0.0 0.0 1.32280829302 0.00246218609767 
0 19.94509 0.0 0.0 0.0 -0.00407235213433 
0 19.94509 0.0 0.0 1.32280829302 -0.00407235213433 
0 60.429 0.0 0.0 0.0 0.203521447594 
0 60.429 0.0 0.0 1.32280829302 0.203521447594 
0 62.17 0.0 0.0 0.0 -1.07798909229e-05 
0 62.17 0.0 0.0 1.32280829302 -1.07798909262e-05 
0 79.11 0.0 0.0 0.0 0.283581267408 
0 79.11 0.0 0.0 1.32280829302 0.283581267408 
0 60.429 0.0 0.0 0.0 -9.72371591852e-06 
0 60.429 0.0 0.0 1.32280829302 -9.72371592151e-06 
0 66.646 0.0 0.0 0.0 -1.08547537818e-05 
0 66.646 0.0 0.0 1.32280829302 -1.08547537851e-05 
0 19.94509 0.0 0.0 1.31782813626 0.0 
0 19.94509 0.0 0.0 0.00498015675652 0.0 
0 62.17 0.0 0.0 0.0 -9.64849705054e-06 
0 62.17 0.0 0.0 1.32280829302 -9.6484970535e-06 
0 66.646 0.0 0.0 0.0 -1.01777746044e-05 
0 66.646 0.0 0.0 1.32280829302 -1.01777746075e-05 
0 19.89832 0.0 0.0 0.0 -7.48012853625e-05 
0 19.89832 0.0 0.0 1.32280829302 -7.48012853622e-05 
0 19.89832 0.0 0.0 1.32092562499 0.0 
0 19.89832 0.0 0.0 0.00188266802717 0.0 
0 20.3498 0.0 0.0 0.0 -2.09757834525e-06 
0 20.3498 0.0 0.0 1.32280829302 -2.09757834589e-06 
0 20.3498 0.0 0.0 1.2916196121 0.0 
0 20.3498 0.0 0.0 0.0311886809203 0.0 
0 21.059 0.0 0.0 1.24812198026 0.0 
0 21.059 0.0 0.0 0.0746863127594 0.0 
0 21.059 0.0 0.0 1.24812198026 0.0 
0 21.059 0.0 0.0 0.0746863127594 0.0 
0 10.336 0.0 0.0 0.947824905002 0.0 
0 10.336 0.0 0.0 0.374983388017 0.0 
0 20.3498 0.0 0.0 1.2916196121 0.0 
0 20.3498 0.0 0.0 0.0311886809203 0.0 
0 60.429 0.0 0.0 0.0 -6.12777094101e-06 
0 60.429 0.0 0.0 1.32280829302 -6.12777094289e-06 
0 62.17 0.0 0.0 0.0 0.00447023972632 
0 62.17 0.0 0.0 1.32280829302 0.00447023972632 
0 79.11 0.0 0.0 0.0 -8.53826989921e-06 
0 79.11 0.0 0.0 1.32280829302 -8.53826990184e-06 
0 79.11 0.0 0.0 0.0 -8.51912714512e-06 
0 79.11 0.0 0.0 1.32280829302 -8.51912714774e-06 
0 60.429 0.0 0.0 0.0 0.00403226168958 
0 60.429 0.0 0.0 1.32280829302 0.00403226168958 
0 59.7198 0.0 0.0 0.0 -5.56567322522e-06 
0 59.7198 0.0 0.0 1.32280829302 -5.56567322693e-06 
0 66.646 0.0 0.0 0.0 0.00450128409662 
0 66.646 0.0 0.0 1.32280829302 0.00450128409662 
0 19.89832 0.0 0.0 0.0 -0.00183168287398 
0 19.89832 0.0 0.0 1.32280829302 -0.00183168287398 
0 19.89832 0.0 0.0 1.32092562499 0.0 
0 19.89832 0.0 0.0 0.00188266802717 0.0 
0 118.48 0.0 0.0 0.0 0.101492381055 
0 118.48 0.0 0.0 1.32280829302 0.101492381055 
0 21.059 0.0 0.0 0.0746863127594 0.0 
0 21.059 0.0 0.0 1.24812198026 0.0 
0 21.059 0.0 0.0 1.24812198026 0.0 
0 21.059 0.0 0.0 0.0746863127594 0.0 
0 10.336 0.0 0.0 0.947824905002 0.0 
0 10.336 0.0 0.0 0.374983388017 0.0 
0 10.336 0.0 0.0 0.374983388017 0.0 
0 10.336 0.0 0.0 0.947824905002 0.0 
0 20.3498 0.0 0.0 0.0311886809203 0.0 
0 20.3498 0.0 0.0 1.2916196121 0.0 
0 79.11 0.0 0.0 0.0 0.00353273895534 
0 79.11 0.0 0.0 1.32280829302 0.00353273895534 
0 59.31509 0.0 0.0 0.0 0.000329577016978 
0 59.31509 0.0 0.0 1.32280829302 0.000329577016979 
0 59.7198 0.0 0.0 0.0 0.00230799121558 
0 59.7198 0.0 0.0 1.32280829302 0.00230799121558 
0 59.31509 0.0 0.0 1.32113368248 0.0 
0 59.31509 0.0 0.0 0.0016746105371 0.0 
0 118.48 0.0 0.0 0.0 -6.11161202631e-06 
0 118.48 0.0 0.0 1.32280829302 -6.11161202819e-06 
0 59.7198 0.0 0.0 0.0 0.0499788809541 
0 59.7198 0.0 0.0 1.32280829302 0.0499788809541 
0 10.336 0.0 0.0 0.947824905002 0.0 
0 10.336 0.0 0.0 0.374983388017 0.0 
0 59.7198 0.0 0.0 1.31218060473 0.0 
0 59.7198 0.0 0.0 0.0106276882875 0.0 
0 213.306 0.0 0.0 0.0 0.216754631087 
0 213.306 0.0 0.0 1.32280829302 0.216754631087 
0 208.83 0.0 0.0 0.0 0.205482681631 
0 208.83 0.0 0.0 1.32280829302 0.205482681631 
0 59.31509 0.0 0.0 0.0 -0.00292150074245 
0 59.31509 0.0 0.0 1.32280829302 -0.00292150074245 
0 225.77 0.0 0.0 0.0 0.181838330487 
0 225.77 0.0 0.0 1.32280829302 0.181838330487 
0 59.31509 0.0 0.0 1.32113368248 0.0 
0 59.31509 0.0 0.0 0.0016746105371 0.0 
0 59.26832 0.0 0.0 0.0 -5.35420454731e-05 
0 59.26832 0.0 0.0 1.32280829302 -5.35420454729e-05 
0 59.26832 0.0 0.0 1.32217621958 0.0 
0 59.26832 0.0 0.0 0.000632073439205 0.0 
0 118.48 0.0 0.0 0.0 0.0012671914339 
0 118.48 0.0 0.0 1.32280829302 0.0012671914339 
0 59.7198 0.0 0.0 0.0 -1.50480029498e-06 
0 59.7198 0.0 0.0 1.32280829302 -1.50480029544e-06 
0 208.83 0.0 0.0 0.0 -6.91229496987e-06 
0 208.83 0.0 0.0 1.32280829302 -6.912294972e-06 
0 59.7198 0.0 0.0 1.31218060473 0.0 
0 59.7198 0.0 0.0 0.0106276882875 0.0 
0 213.306 0.0 0.0 0.0 -6.96029862467e-06 
0 213.306 0.0 0.0 1.32280829302 -6.96029862681e-06 
0 207.089 0.0 0.0 0.0 0.130502273959 
0 207.089 0.0 0.0 1.32280829302 0.130502273959 
0 60.429 0.0 0.0 1.29678073902 0.0 
0 60.429 0.0 0.0 0.0260275539956 0.0 
0 207.089 0.0 0.0 0.0 -6.23505312926e-06 
0 207.089 0.0 0.0 1.32280829302 -6.23505313118e-06 
0 213.306 0.0 0.0 0.0 -6.38741904531e-06 
0 213.306 0.0 0.0 1.32280829302 -6.38741904727e-06 
0 208.83 0.0 0.0 0.0 -6.05525237244e-06 
0 208.83 0.0 0.0 1.32280829302 -6.05525237431e-06 
0 60.429 0.0 0.0 1.29678073902 0.0 
0 60.429 0.0 0.0 0.0260275539956 0.0 
0 59.7198 0.0 0.0 1.31218060473 0.0 
0 59.7198 0.0 0.0 0.0106276882875 0.0 
0 265.14 0.0 0.0 0.0 0.13015813983 
0 265.14 0.0 0.0 1.32280829302 0.13015813983 
0 225.77 0.0 0.0 0.0 -5.46264522841e-06 
0 225.77 0.0 0.0 1.32280829302 -5.46264523009e-06 
0 225.77 0.0 0.0 0.0 -5.35849042529e-06 
0 225.77 0.0 0.0 1.32280829302 -5.35849042694e-06 
0 59.26832 0.0 0.0 0.0 -0.00131404718938 
0 59.26832 0.0 0.0 1.32280829302 -0.00131404718938 
0 59.26832 0.0 0.0 1.32217621958 0.0 
0 59.26832 0.0 0.0 0.000632073439205 0.0 
0 22.8 0.0 0.0 1.15281582379 0.0 
0 22.8 0.0 0.0 0.169992469235 0.0 
0 208.83 0.0 0.0 0.0 0.00280545556125 
0 208.83 0.0 0.0 1.32280829302 0.00280545556126 
0 213.306 0.0 0.0 0.0 0.00282493854352 
0 213.306 0.0 0.0 1.32280829302 0.00282493854352 
0 207.089 0.0 0.0 0.0 -3.84569734892e-06 
0 207.089 0.0 0.0 1.32280829302 -3.8456973501e-06 
0 60.429 0.0 0.0 0.0260275539956 0.0 
0 60.429 0.0 0.0 1.29678073902 0.0 
0 206.3798 0.0 0.0 0.0 -3.56882785862e-06 
0 206.3798 0.0 0.0 1.32280829302 -3.56882785972e-06 
0 207.089 0.0 0.0 0.0 0.00253058709914 
0 207.089 0.0 0.0 1.32280829302 0.00253058709914 
0 60.429 0.0 0.0 1.29678073902 0.0 
0 60.429 0.0 0.0 0.0260275539956 0.0 
0 59.7198 0.0 0.0 0.0106276882875 0.0 
0 59.7198 0.0 0.0 1.31218060473 0.0 
0 265.14 0.0 0.0 0.0 -3.91889541084e-06 
0 265.14 0.0 0.0 1.32280829302 -3.91889541205e-06 
0 265.14 0.0 0.0 0.0 -3.83555625585e-06 
0 265.14 0.0 0.0 1.32280829302 -3.83555625703e-06 
0 225.77 0.0 0.0 0.0 0.00221709410579 
0 225.77 0.0 0.0 1.32280829302 0.0022170941058 
0 22.8 0.0 0.0 1.15281582379 0.0 
0 22.8 0.0 0.0 0.169992469235 0.0 
0 22.8 0.0 0.0 0.169992469235 0.0 
0 22.8 0.0 0.0 1.15281582379 0.0 
0 205.97509 0.0 0.0 0.0 0.000211331781827 
0 205.97509 0.0 0.0 1.32280829302 0.000211331781828 
0 206.3798 0.0 0.0 0.0 0.00144846075099 
0 206.3798 0.0 0.0 1.32280829302 0.00144846075099 
0 205.97509 0.0 0.0 1.32232605182 0.0 
0 205.97509 0.0 0.0 0.000482241200734 0.0 
0 411.8 0.0 0.0 0.0 0.0417300815782 
0 411.8 0.0 0.0 1.32280829302 0.0417300815782 
0 265.14 0.0 0.0 0.0 0.00159054076428 
0 265.14 0.0 0.0 1.32280829302 0.00159054076428 
0 206.3798 0.0 0.0 0.0 0.0320475197652 
0 206.3798 0.0 0.0 1.32280829302 0.0320475197652 
0 22.8 0.0 0.0 1.15281582379 0.0 
0 22.8 0.0 0.0 0.169992469235 0.0 
0 206.3798 0.0 0.0 1.31973297548 0.0 
0 206.3798 0.0 0.0 0.00307531754072 0.0 
0 205.97509 0.0 0.0 0.0 -0.00183349014973 
0 205.97509 0.0 0.0 1.32280829302 -0.00183349014973 
0 14.812 0.0 0.0 0.66140414651 0.0 
0 205.97509 0.0 0.0 1.32232605182 0.0 
0 205.97509 0.0 0.0 0.000482241200734 0.0 
0 411.8 0.0 0.0 0.0 -2.45944011897e-06 
0 411.8 0.0 0.0 1.32280829302 -2.45944011973e-06 
0 205.92832 0.0 0.0 0.0 -3.43322965182e-05 
0 205.92832 0.0 0.0 1.32280829302 -3.43322965181e-05 
0 906.306 0.0 0.0 0.0 0.127279401465 
0 906.306 0.0 0.0 1.32280829302 0.127279401465 
0 205.92832 0.0 0.0 1.32262637569 0.0 
0 205.92832 0.0 0.0 0.00018191733346 0.0 
0 901.83 0.0 0.0 0.0 0.120660456472 
0 901.83 0.0 0.0 1.32280829302 0.120660456472 
0 206.3798 0.0 0.0 0.0 -9.44390147865e-07 
0 206.3798 0.0 0.0 1.32280829302 -9.44390148155e-07 
0 206.3798 0.0 0.0 1.31973297548 0.0 
0 206.3798 0.0 0.0 0.00307531754072 0.0 
0 918.77 0.0 0.0 0.0 0.106776375442 
0 918.77 0.0 0.0 1.32280829302 0.106776375442 
0 207.089 0.0 0.0 1.31521339875 0.0 
0 207.089 0.0 0.0 0.00759489427445 0.0 
0 207.089 0.0 0.0 1.31521339875 0.0 
0 207.089 0.0 0.0 0.00759489427445 0.0 
0 14.812 0.0 0.0 0.66140414651 0.0 
0 14.812 0.0 0.0 0.66140414651 0.0 
0 206.3798 0.0 0.0 1.31973297548 0.0 
0 206.3798 0.0 0.0 0.00307531754072 0.0 
0 906.306 0.0 0.0 0.0 -4.08712209987e-06 
0 906.306 0.0 0.0 1.32280829302 -4.08712210113e-06 
0 901.83 0.0 0.0 0.0 -4.05893411413e-06 
0 901.83 0.0 0.0 1.32280829302 -4.05893411538e-06 
0 900.089 0.0 0.0 0.0 0.0766315867669 
0 900.089 0.0 0.0 1.32280829302 0.0766315867669 
0 906.306 0.0 0.0 0.0 -3.78772733286e-06 
0 906.306 0.0 0.0 1.32280829302 -3.78772733402e-06 
0 411.8 0.0 0.0 0.0 0.000499099791706 
0 411.8 0.0 0.0 1.32280829302 0.000499099791706 
0 205.92832 0.0 0.0 0.0 -0.000824676353148 
0 205.92832 0.0 0.0 1.32280829302 -0.000824676353148 
0 900.089 0.0 0.0 0.0 -3.66125432437e-06 
0 900.089 0.0 0.0 1.32280829302 -3.66125432549e-06 
0 958.14 0.0 0.0 0.0 0.0764295094886 
0 958.14 0.0 0.0 1.32280829302 0.0764295094886 
0 901.83 0.0 0.0 0.0 -3.59075312826e-06 
0 901.83 0.0 0.0 1.32280829302 -3.59075312937e-06 
0 205.92832 0.0 0.0 1.32262637569 0.0 
0 205.92832 0.0 0.0 0.00018191733346 0.0 
0 62.17 0.0 0.0 1.26046587226 0.0 
0 62.17 0.0 0.0 0.0623424207584 0.0 
0 918.77 0.0 0.0 0.0 -3.20769254895e-06 
0 918.77 0.0 0.0 1.32280829302 -3.20769254994e-06 
0 918.77 0.0 0.0 0.0 -3.17757462017e-06 
0 918.77 0.0 0.0 1.32280829302 -3.17757462114e-06 
0 207.089 0.0 0.0 0.00759489427445 0.0 
0 207.089 0.0 0.0 1.31521339875 0.0 
0 14.812 0.0 0.0 0.66140414651 0.0 
0 207.089 0.0 0.0 1.31521339875 0.0 
0 207.089 0.0 0.0 0.00759489427445 0.0 
0 206.3798 0.0 0.0 0.00307531754072 0.0 
0 206.3798 0.0 0.0 1.31973297548 0.0 
0 906.306 0.0 0.0 0.0 0.0016751831779 
0 906.306 0.0 0.0 1.32280829302 0.0016751831779 
0 901.83 0.0 0.0 0.0 0.00166362980652 
0 901.83 0.0 0.0 1.32280829302 0.00166362980652 
0 62.17 0.0 0.0 1.26046587226 0.0 
0 62.17 0.0 0.0 0.0623424207584 0.0 
0 900.089 0.0 0.0 0.0 -2.28049120608e-06 
0 900.089 0.0 0.0 1.32280829302 -2.28049120679e-06 
0 958.14 0.0 0.0 0.0 -2.30119494931e-06 
0 958.14 0.0 0.0 1.32280829302 -2.30119495001e-06 
0 900.089 0.0 0.0 0.0 0.0015006333318 
0 900.089 0.0 0.0 1.32280829302 0.0015006333318 
0 958.14 0.0 0.0 0.0 -2.2744775572e-06 
0 958.14 0.0 0.0 1.32280829302 -2.2744775579e-06 
0 899.3798 0.0 0.0 0.0 -2.09563353502e-06 
0 899.3798 0.0 0.0 1.32280829302 -2.09563353566e-06 
0 62.17 0.0 0.0 0.0623424207584 0.0 
0 62.17 0.0 0.0 1.26046587226 0.0 
0 1104.8 0.0 0.0 0.0 0.0490082244584 
0 1104.8 0.0 0.0 1.32280829302 0.0490082244584 
0 918.77 0.0 0.0 0.0 0.00131473258361 
0 918.77 0.0 0.0 1.32280829302 0.00131473258361 
0 62.17 0.0 0.0 1.26046587226 0.0 
0 62.17 0.0 0.0 0.0623424207584 0.0 
0 898.97509 0.0 0.0 0.0 0.000124095077307 
0 898.97509 0.0 0.0 1.32280829302 0.000124095077308 
0 958.14 0.0 0.0 0.0 0.000943187644988 
0 958.14 0.0 0.0 1.32280829302 0.000943187644988 
0 899.3798 0.0 0.0 0.0 0.000858934467612 
0 899.3798 0.0 0.0 1.32280829302 0.000858934467612 
0 1104.8 0.0 0.0 0.0 -1.45844330802e-06 
0 1104.8 0.0 0.0 1.32280829302 -1.45844330847e-06 
0 1104.8 0.0 0.0 0.0 -1.44419551597e-06 
0 1104.8 0.0 0.0 1.32280829302 -1.44419551641e-06 
0 898.97509 0.0 0.0 1.32269780089 0.0 
0 898.97509 0.0 0.0 0.00011049213246 0.0 
0 899.3798 0.0 0.0 0.0 0.018818463595 
0 899.3798 0.0 0.0 1.32280829302 0.018818463595 
0 899.3798 0.0 0.0 1.32210260292 0.0 
0 899.3798 0.0 0.0 0.000705690097766 0.0 
0 898.97509 0.0 0.0 0.0 -0.001087256168 
0 898.97509 0.0 0.0 1.32280829302 -0.001087256168 
0 1104.8 0.0 0.0 0.0 0.00059193045249 
0 1104.8 0.0 0.0 1.32280829302 0.00059193045249 
0 898.97509 0.0 0.0 1.32269780089 0.0 
0 898.97509 0.0 0.0 0.00011049213246 0.0 
0 1797.8 0.0 0.0 0.0 0.0143889370313 
0 1797.8 0.0 0.0 1.32280829302 0.0143889370313 
0 898.92832 0.0 0.0 0.0 -2.01600959105e-05 
0 898.92832 0.0 0.0 1.32280829302 -2.01600959104e-05 
0 898.92832 0.0 0.0 1.32276661903 0.0 
0 898.92832 0.0 0.0 4.16739911569e-05 0.0 
0 899.3798 0.0 0.0 0.0 -5.60021559659e-07 
0 899.3798 0.0 0.0 1.32280829302 -5.60021559831e-07 
0 899.3798 0.0 0.0 1.32210260292 0.0 
0 899.3798 0.0 0.0 0.000705690097766 0.0 
0 900.089 0.0 0.0 1.32106088909 0.0 
0 900.089 0.0 0.0 0.00174740393495 0.0 
0 900.089 0.0 0.0 1.32106088909 0.0 
0 900.089 0.0 0.0 0.00174740393495 0.0 
0 899.3798 0.0 0.0 1.32210260292 0.0 
0 899.3798 0.0 0.0 0.000705690097766 0.0 
0 208.83 0.0 0.0 1.30424856358 0.0 
0 208.83 0.0 0.0 0.0185597294381 0.0 
0 1797.8 0.0 0.0 0.0 -8.56405191366e-07 
0 1797.8 0.0 0.0 1.32280829302 -8.56405191629e-07 
0 898.92832 0.0 0.0 0.0 -0.000489031507315 
0 898.92832 0.0 0.0 1.32280829302 -0.000489031507315 
0 898.92832 0.0 0.0 1.32276661903 0.0 
0 898.92832 0.0 0.0 4.16739911569e-05 0.0 
0 5995.406 0.0 0.0 0.0 0.0684799931725 
0 5995.406 0.0 0.0 1.32280829302 0.0684799931725 
0 5990.93 0.0 0.0 0.0 0.0649188096446 
0 5990.93 0.0 0.0 1.32280829302 0.0649188096446 
0 900.089 0.0 0.0 0.00174740393495 0.0 
0 900.089 0.0 0.0 1.32106088909 0.0 
0 6007.87 0.0 0.0 0.0 0.0574487731486 
0 6007.87 0.0 0.0 1.32280829302 0.0574487731486 
0 208.83 0.0 0.0 1.30424856358 0.0 
0 208.83 0.0 0.0 0.0185597294381 0.0 
0 900.089 0.0 0.0 1.32106088909 0.0 
0 900.089 0.0 0.0 0.00174740393495 0.0 
0 899.3798 0.0 0.0 0.000705690097766 0.0 
0 899.3798 0.0 0.0 1.32210260292 0.0 
0 208.83 0.0 0.0 0.0185597294381 0.0 
0 208.83 0.0 0.0 1.30424856358 0.0 
0 1797.8 0.0 0.0 0.0 0.000175506815675 
0 1797.8 0.0 0.0 1.32280829302 0.000175506815675 
0 5995.406 0.0 0.0 0.0 -2.19898970511e-06 
0 5995.406 0.0 0.0 1.32280829302 -2.19898970578e-06 
0 5990.93 0.0 0.0 0.0 -2.18382375485e-06 
0 5990.93 0.0 0.0 1.32280829302 -2.18382375553e-06 
0 5989.189 0.0 0.0 0.0 0.0412300064125 
0 5989.189 0.0 0.0 1.32280829302 0.0412300064125 
0 6047.24 0.0 0.0 0.0 0.0411212830019 
0 6047.24 0.0 0.0 1.32280829302 0.0411212830019 
0 5995.406 0.0 0.0 0.0 -2.04856588003e-06 
0 5995.406 0.0 0.0 1.32280829302 -2.04856588066e-06 
0 5989.189 0.0 0.0 0.0 -1.96986054499e-06 
0 5989.189 0.0 0.0 1.32280829302 -1.96986054559e-06 
0 5990.93 0.0 0.0 0.0 -1.94203375685e-06 
0 5990.93 0.0 0.0 1.32280829302 -1.94203375745e-06 
0 6007.87 0.0 0.0 0.0 -1.72583121324e-06 
0 6007.87 0.0 0.0 1.32280829302 -1.72583121377e-06 
0 6007.87 0.0 0.0 0.0 -1.71856904579e-06 
0 6007.87 0.0 0.0 1.32280829302 -1.71856904631e-06 
0 208.83 0.0 0.0 1.30424856358 0.0 
0 208.83 0.0 0.0 0.0185597294381 0.0 
0 27.276 0.0 0.0 0.963638392078 0.0 
0 27.276 0.0 0.0 0.359169900942 0.0 
0 6193.9 0.0 0.0 0.0 0.0263678398678 
0 6193.9 0.0 0.0 1.32280829302 0.0263678398678 
0 5995.406 0.0 0.0 0.0 0.000906011124742 
0 5995.406 0.0 0.0 1.32280829302 0.000906011124742 
0 5990.93 0.0 0.0 0.0 0.000899762564498 
0 5990.93 0.0 0.0 1.32280829302 0.000899762564498 
0 5989.189 0.0 0.0 0.0 -1.2333877452e-06 
0 5989.189 0.0 0.0 1.32280829302 -1.23338774558e-06 
0 6047.24 0.0 0.0 0.0 -1.23810932958e-06 
0 6047.24 0.0 0.0 1.32280829302 -1.23810932996e-06 
0 6047.24 0.0 0.0 0.0 -1.23013530519e-06 
0 6047.24 0.0 0.0 1.32280829302 -1.23013530557e-06 
0 5989.189 0.0 0.0 0.0 0.000811607059278 
0 5989.189 0.0 0.0 1.32280829302 0.000811607059278 
0 5988.4798 0.0 0.0 0.0 -1.12751135312e-06 
0 5988.4798 0.0 0.0 1.32280829302 -1.12751135347e-06 
0 27.276 0.0 0.0 0.963638392078 0.0 
0 27.276 0.0 0.0 0.359169900942 0.0 
0 6007.87 0.0 0.0 0.0 0.000711063937677 
0 6007.87 0.0 0.0 1.32280829302 0.000711063937677 
0 27.276 0.0 0.0 0.359169900942 0.0 
0 27.276 0.0 0.0 0.963638392078 0.0 
0 6193.9 0.0 0.0 0.0 -7.88788879509e-07 
0 6193.9 0.0 0.0 1.32280829302 -7.88788879752e-07 
0 6193.9 0.0 0.0 0.0 -7.77018888641e-07 
0 6193.9 0.0 0.0 1.32280829302 -7.7701888888e-07 
0 6047.24 0.0 0.0 0.0 0.000510116451949 
0 6047.24 0.0 0.0 1.32280829302 0.00051011645195 
0 5988.07509 0.0 0.0 0.0 6.67667348285e-05 
0 5988.07509 0.0 0.0 1.32280829302 6.67667348286e-05 
0 6886.9 0.0 0.0 0.0 0.0154833272049 
0 6886.9 0.0 0.0 1.32280829302 0.0154833272049 
0 5988.4798 0.0 0.0 0.0 0.000464548709266 
0 5988.4798 0.0 0.0 1.32280829302 0.000464548709266 
0 27.276 0.0 0.0 0.963638392078 0.0 
0 27.276 0.0 0.0 0.359169900942 0.0 
0 5988.07509 0.0 0.0 1.32279170511 0.0 
0 5988.07509 0.0 0.0 1.65879140174e-05 0.0 
0 5988.4798 0.0 0.0 0.0 0.010124876796 
0 5988.4798 0.0 0.0 1.32280829302 0.010124876796 
0 5988.4798 0.0 0.0 1.32270230896 0.0 
0 5988.4798 0.0 0.0 0.000105984062765 0.0 
0 6193.9 0.0 0.0 0.0 0.000320141452053 
0 6193.9 0.0 0.0 1.32280829302 0.000320141452053 
0 901.83 0.0 0.0 1.31851055586 0.0 
0 901.83 0.0 0.0 0.00429773715506 0.0 
0 5988.07509 0.0 0.0 0.0 -0.000588034906659 
0 5988.07509 0.0 0.0 1.32280829302 -0.000588034906659 
0 6886.9 0.0 0.0 0.0 -4.63180767869e-07 
0 6886.9 0.0 0.0 1.32280829302 -4.63180768012e-07 
0 6886.9 0.0 0.0 0.0 -4.60770721598e-07 
0 6886.9 0.0 0.0 1.32280829302 -4.60770721739e-07 
0 5988.07509 0.0 0.0 1.32279170511 0.0 
0 5988.07509 0.0 0.0 1.65879140174e-05 0.0 
0 5988.02832 0.0 0.0 0.0 -1.08467137213e-05 
0 5988.02832 0.0 0.0 1.32280829302 -1.08467137212e-05 
0 5988.02832 0.0 0.0 1.32280203688 0.0 
0 5988.02832 0.0 0.0 6.25613788986e-06 0.0 
0 5988.4798 0.0 0.0 0.0 -3.0288375017e-07 
0 5988.4798 0.0 0.0 1.32280829302 -3.02883750263e-07 
0 5988.4798 0.0 0.0 1.32270230896 0.0 
0 5988.4798 0.0 0.0 0.000105984062765 0.0 
0 5989.189 0.0 0.0 1.32254568333 0.0 
0 5989.189 0.0 0.0 0.000262609688958 0.0 
0 901.83 0.0 0.0 1.31851055586 0.0 
0 901.83 0.0 0.0 0.00429773715506 0.0 
0 5989.189 0.0 0.0 1.32254568333 0.0 
0 5989.189 0.0 0.0 0.000262609688958 0.0 
0 901.83 0.0 0.0 0.00429773715506 0.0 
0 901.83 0.0 0.0 1.31851055586 0.0 
0 6886.9 0.0 0.0 0.0 0.00018984327155 
0 6886.9 0.0 0.0 1.32280829302 0.00018984327155 
0 5988.4798 0.0 0.0 1.32270230896 0.0 
0 5988.4798 0.0 0.0 0.000105984062765 0.0 
0 5988.02832 0.0 0.0 0.0 -0.000264489276051 
0 5988.02832 0.0 0.0 1.32280829302 -0.000264489276051 
0 5988.02832 0.0 0.0 1.32280203688 0.0 
0 5988.02832 0.0 0.0 6.25613788986e-06 0.0 
0 11976.0 0.0 0.0 0.0 0.00416523855814 
0 11976.0 0.0 0.0 1.32280829302 0.00416523855814 
0 5989.189 0.0 0.0 0.000262609688958 0.0 
0 5989.189 0.0 0.0 1.32254568333 0.0 
0 901.83 0.0 0.0 1.31851055586 0.0 
0 901.83 0.0 0.0 0.00429773715506 0.0 
0 5989.189 0.0 0.0 1.32254568333 0.0 
0 5989.189 0.0 0.0 0.000262609688958 0.0 
0 5988.4798 0.0 0.0 0.000105984062765 0.0 
0 5988.4798 0.0 0.0 1.32270230896 0.0 
0 11976.0 0.0 0.0 0.0 -2.49204627428e-07 
0 11976.0 0.0 0.0 1.32280829302 -2.49204627504e-07 
0 11976.0 0.0 0.0 0.0 5.13377039151e-05 
0 11976.0 0.0 0.0 1.32280829302 5.13377039151e-05 
0 66.646 0.0 0.0 1.17581195088 0.0 
0 66.646 0.0 0.0 0.146996342138 0.0 
0 66.646 0.0 0.0 1.17581195088 0.0 
0 66.646 0.0 0.0 0.146996342138 0.0 
0 66.646 0.0 0.0 0.146996342138 0.0 
0 66.646 0.0 0.0 1.17581195088 0.0 
0 5990.93 0.0 0.0 1.32216134367 0.0 
0 5990.93 0.0 0.0 0.000646949354866 0.0 
0 66.646 0.0 0.0 1.17581195088 0.0 
0 66.646 0.0 0.0 0.146996342138 0.0 
0 5990.93 0.0 0.0 1.32216134367 0.0 
0 5990.93 0.0 0.0 0.000646949354866 0.0 
0 5990.93 0.0 0.0 0.000646949354866 0.0 
0 5990.93 0.0 0.0 1.32216134367 0.0 
0 5990.93 0.0 0.0 1.32216134367 0.0 
0 5990.93 0.0 0.0 0.000646949354866 0.0 
0 213.306 0.0 0.0 1.27688029185 0.0 
0 213.306 0.0 0.0 0.0459280011725 0.0 
0 213.306 0.0 0.0 1.27688029185 0.0 
0 213.306 0.0 0.0 0.0459280011725 0.0 
0 213.306 0.0 0.0 0.0459280011725 0.0 
0 213.306 0.0 0.0 1.27688029185 0.0 
0 213.306 0.0 0.0 1.27688029185 0.0 
0 213.306 0.0 0.0 0.0459280011725 0.0 
0 39.74 0.0 0.0 0.66140414651 0.0 
0 906.306 0.0 0.0 1.31199878915 0.0 
0 906.306 0.0 0.0 0.0108095038741 0.0 
0 39.74 0.0 0.0 0.66140414651 0.0 
0 39.74 0.0 0.0 0.66140414651 0.0 
0 906.306 0.0 0.0 1.31199878915 0.0 
0 906.306 0.0 0.0 0.0108095038741 0.0 
0 906.306 0.0 0.0 0.0108095038741 0.0 
0 906.306 0.0 0.0 1.31199878915 0.0 
0 39.74 0.0 0.0 0.66140414651 0.0 
0 906.306 0.0 0.0 1.31199878915 0.0 
0 906.306 0.0 0.0 0.0108095038741 0.0 
0 5995.406 0.0 0.0 1.32117425552 0.0 
0 5995.406 0.0 0.0 0.00163403749773 0.0 
0 5995.406 0.0 0.0 1.32117425552 0.0 
0 5995.406 0.0 0.0 0.00163403749773 0.0 
0 5995.406 0.0 0.0 0.00163403749773 0.0 
0 5995.406 0.0 0.0 1.32117425552 0.0 
0 5995.406 0.0 0.0 1.32117425552 0.0 
0 5995.406 0.0 0.0 0.00163403749773 0.0 
0 79.11 0.0 0.0 0.990559515592 0.0 
0 79.11 0.0 0.0 0.332248777428 0.0 
1 0.24469 0.0 0.0 0.405940883252 0.0 0.0 0.0 0.0 
1 0.19792 0.0 0.0 0.189278147021 0.0 0.0 0.0 0.0 
1 0.13087 0.0 0.0 0.758994992916 0.0 0.0 0.0 0.0 
1 0.0841 0.0 0.0 0.445445075604 0.0 0.0 0.0 0.0 
1 0.6494 0.0 0.0 0.977338187544 0.0 0.0 0.0 0.0 
1 0.04882 0.0 0.0 0.767348030691 0.0 0.0 0.0 0.0 
1 1.3586 0.0 0.0 1.15767632887 0.0 0.0 0.0 0.0 
1 0.72619 0.0 0.0 0.136781936852 0.0 0.0 0.0 0.0 
1 1.3586 0.0 0.0 1.15767632887 0.0 0.0 0.0 0.0 
1 0.09559 0.0 0.0 1.03912202869 0.0 0.0 0.0 0.0 
1 1.1309 0.0 0.0 0.561219753286 0.0 0.0 0.0 0.0 
1 0.6494 0.0 0.0 0.977338187544 0.0 0.0 0.0 0.0 
1 0.53558 0.0 0.0 1.185039432 0.0 0.0 0.0 0.0 
1 0.67942 0.0 0.0 0.0551381043512 0.0 0.0 0.0 0.0 
1 3.0996 0.0 0.0 1.2504285387 0.0 0.0 0.0 0.0 
1 1.8401 0.0 0.0 0.854746513994 0.0 0.0 0.0 0.0 
1 1.8401 0.0 0.0 0.854746513994 0.0 0.0 0.0 0.0 
1 1.24478 0.0 0.0 1.26353175694 0.0 0.0 0.0 0.0 
1 3.0996 0.0 0.0 1.2504285387 0.0 0.0 0.0 0.0 
1 1.24478 0.0 0.0 1.26353175694 0.0 0.0 0.0 0.0 
1 1.1309 0.0 0.0 0.561219753286 0.0 0.0 0.0 0.0 
1 3.5811 0.0 0.0 1.08230105234 0.0 0.0 0.0 0.0 
1 0.53558 0.0 0.0 1.185039432 0.0 0.0 0.0 0.0 
1 2.98578 0.0 0.0 1.29809573999 0.0 0.0 0.0 0.0 
1 3.34109 0.0 0.0 0.0297297213553 0.0 0.0 0.0 0.0 
1 0.5003 0.0 0.0 1.26860567458 0.0 0.0 0.0 0.0 
1 3.5811 0.0 0.0 1.08230105234 0.0 0.0 0.0 0.0 
1 7.5756 0.0 0.0 1.29319370322 0.0 0.0 0.0 0.0 
1 3.7458 0.0 0.0 0.169438683056 0.0 0.0 0.0 0.0 
1 2.98578 0.0 0.0 1.29809573999 0.0 0.0 0.0 0.0 
1 1.2095 0.0 0.0 1.30038781348 0.0 0.0 0.0 0.0 
1 7.5756 0.0 0.0 1.29319370322 0.0 0.0 0.0 0.0 
1 1.2095 0.0 0.0 1.30038781348 0.0 0.0 0.0 0.0 
1 4.455 0.0 0.0 0.353045804804 0.0 0.0 0.0 0.0 
1 3.29432 0.0 0.0 0.0113716733221 0.0 0.0 0.0 0.0 
1 8.0571 0.0 0.0 1.21591121099 0.0 0.0 0.0 0.0 
1 4.455 0.0 0.0 0.353045804804 0.0 0.0 0.0 0.0 
1 0.5003 0.0 0.0 1.26860567458 0.0 0.0 0.0 0.0 
1 3.7458 0.0 0.0 0.169438683056 0.0 0.0 0.0 0.0 
1 7.46178 0.0 0.0 1.31291973472 0.0 0.0 0.0 0.0 
1 8.0571 0.0 0.0 1.21591121099 0.0 0.0 0.0 0.0 
1 2.9505 0.0 0.0 1.31361745418 0.0 0.0 0.0 0.0 
1 20.0396 0.0 0.0 1.31161304529 0.0 0.0 0.0 0.0 
1 7.46178 0.0 0.0 1.31291973472 0.0 0.0 0.0 0.0 
1 2.9505 0.0 0.0 1.31361745418 0.0 0.0 0.0 0.0 
1 6.196 0.0 0.0 0.625537168907 0.0 0.0 0.0 0.0 
1 20.0396 0.0 0.0 1.31161304529 0.0 0.0 0.0 0.0 
1 20.5211 0.0 0.0 1.28083780998 0.0 0.0 0.0 0.0 
1 6.196 0.0 0.0 0.625537168907 0.0 0.0 0.0 0.0 
1 7.4265 0.0 0.0 1.31915683271 0.0 0.0 0.0 0.0 
1 19.92578 0.0 0.0 1.31910523866 0.0 0.0 0.0 0.0 
1 20.5211 0.0 0.0 1.28083780998 0.0 0.0 0.0 0.0 
1 7.4265 0.0 0.0 1.31915683271 0.0 0.0 0.0 0.0 
1 19.92578 0.0 0.0 1.31910523866 0.0 0.0 0.0 0.0 
1 59.4096 0.0 0.0 1.31903199615 0.0 0.0 0.0 0.0 
1 10.672 0.0 0.0 0.917983341277 0.0 0.0 0.0 0.0 
1 19.8905 0.0 0.0 1.32144495022 0.0 0.0 0.0 0.0 
1 59.4096 0.0 0.0 1.31903199615 0.0 0.0 0.0 0.0 
1 59.8911 0.0 0.0 1.30842751725 0.0 0.0 0.0 0.0 
1 10.672 0.0 0.0 0.917983341277 0.0 0.0 0.0 0.0 
1 59.29578 0.0 0.0 1.321563917 0.0 0.0 0.0 0.0 
1 19.8905 0.0 0.0 1.32144495022 0.0 0.0 0.0 0.0 
1 59.8911 0.0 0.0 1.30842751725 0.0 0.0 0.0 0.0 
1 59.29578 0.0 0.0 1.321563917 0.0 0.0 0.0 0.0 
1 206.0696 0.0 0.0 1.3217195915 0.0 0.0 0.0 0.0 
1 59.2605 0.0 0.0 1.32235069361 0.0 0.0 0.0 0.0 
1 206.0696 0.0 0.0 1.3217195915 0.0 0.0 0.0 0.0 
1 23.136 0.0 0.0 1.13607368527 0.0 0.0 0.0 0.0 
1 206.5511 0.0 0.0 1.31863847509 0.0 0.0 0.0 0.0 
1 59.2605 0.0 0.0 1.32235069361 0.0 0.0 0.0 0.0 
1 205.95578 0.0 0.0 1.32245003045 0.0 0.0 0.0 0.0 
1 23.136 0.0 0.0 1.13607368527 0.0 0.0 0.0 0.0 
1 206.5511 0.0 0.0 1.31863847509 0.0 0.0 0.0 0.0 
1 205.95578 0.0 0.0 1.32245003045 0.0 0.0 0.0 0.0 
1 205.9205 0.0 0.0 1.32267660351 0.0 0.0 0.0 0.0 
1 899.0696 0.0 0.0 1.32255875918 0.0 0.0 0.0 0.0 
1 62.506 0.0 0.0 1.25369025819 0.0 0.0 0.0 0.0 
1 205.9205 0.0 0.0 1.32267660351 0.0 0.0 0.0 0.0 
1 899.0696 0.0 0.0 1.32255875918 0.0 0.0 0.0 0.0 
1 899.5511 0.0 0.0 1.32185083715 0.0 0.0 0.0 0.0 
1 62.506 0.0 0.0 1.25369025819 0.0 0.0 0.0 0.0 
1 898.95578 0.0 0.0 1.32272621307 0.0 0.0 0.0 0.0 
1 899.5511 0.0 0.0 1.32185083715 0.0 0.0 0.0 0.0 
1 898.95578 0.0 0.0 1.32272621307 0.0 0.0 0.0 0.0 
1 898.9205 0.0 0.0 1.3227781262 0.0 0.0 0.0 0.0 
1 209.166 0.0 0.0 1.30215344527 0.0 0.0 0.0 0.0 
1 898.9205 0.0 0.0 1.3227781262 0.0 0.0 0.0 0.0 
1 5988.1696 0.0 0.0 1.32277082777 0.0 0.0 0.0 0.0 
1 209.166 0.0 0.0 1.30215344527 0.0 0.0 0.0 0.0 
1 5988.1696 0.0 0.0 1.32277082777 0.0 0.0 0.0 0.0 
1 5988.6511 0.0 0.0 1.32266447424 0.0 0.0 0.0 0.0 
1 5988.05578 0.0 0.0 1.32279597078 0.0 0.0 0.0 0.0 
1 5988.6511 0.0 0.0 1.32266447424 0.0 0.0 0.0 0.0 
1 5988.05578 0.0 0.0 1.32279597078 0.0 0.0 0.0 0.0 
1 902.166 0.0 0.0 1.31801949375 0.0 0.0 0.0 0.0 
1 5988.0205 0.0 0.0 1.32280376438 0.0 0.0 0.0 0.0 
1 902.166 0.0 0.0 1.31801949375 0.0 0.0 0.0 0.0 
1 5988.0205 0.0 0.0 1.32280376438 0.0 0.0 0.0 0.0 
1 5991.266 0.0 0.0 1.32208719469 0.0 0.0 0.0 0.0 
1 5991.266 0.0 0.0 1.32208719469 0.0 0.0 0.0 0.0 
2 0.26249 0.0 0.0 0.378413176589 0.0 0.0 0.0 0.0 0.0 0.0 0.0 0.0 0.0 0.0 
2 0.21572 0.0 0.0 0.173659979874 0.0 0.0 0.0 0.0 0.0 0.0 0.0 0.0 0.0 0.0 
2 0.6672 0.0 0.0 0.951264117193 0.0 0.0 0.0 0.0 0.0 0.0 0.0 0.0 0.0 0.0 
2 0.15519 0.0 0.0 0.640052031206 0.0 0.0 0.0 0.0 0.0 0.0 0.0 0.0 0.0 0.0 
2 0.10842 0.0 0.0 0.345526017878 0.0 0.0 0.0 0.0 0.0 0.0 0.0 0.0 0.0 0.0 
2 1.3764 0.0 0.0 1.14270492618 0.0 0.0 0.0 0.0 0.0 0.0 0.0 0.0 0.0 0.0 
2 1.3764 0.0 0.0 1.14270492618 0.0 0.0 0.0 0.0 0.0 0.0 0.0 0.0 0.0 0.0 
2 0.6672 0.0 0.0 0.951264117193 0.0 0.0 0.0 0.0 0.0 0.0 0.0 0.0 0.0 0.0 
2 3.1174 0.0 0.0 1.24328873374 0.0 0.0 0.0 0.0 0.0 0.0 0.0 0.0 0.0 0.0 
2 0.5599 0.0 0.0 1.13356567064 0.0 0.0 0.0 0.0 0.0 0.0 0.0 0.0 0.0 0.0 
2 3.1174 0.0 0.0 1.24328873374 0.0 0.0 0.0 0.0 0.0 0.0 0.0 0.0 0.0 0.0 
2 1.2691 0.0 0.0 1.23931846222 0.0 0.0 0.0 0.0 0.0 0.0 0.0 0.0 0.0 0.0 
2 1.2691 0.0 0.0 1.23931846222 0.0 0.0 0.0 0.0 0.0 0.0 0.0 0.0 0.0 0.0 
2 0.5599 0.0 0.0 1.13356567064 0.0 0.0 0.0 0.0 0.0 0.0 0.0 0.0 0.0 0.0 
2 7.5934 0.0 0.0 1.29016227488 0.0 0.0 0.0 0.0 0.0 0.0 0.0 0.0 0.0 0.0 
2 3.0101 0.0 0.0 1.28760781986 0.0 0.0 0.0 0.0 0.0 0.0 0.0 0.0 0.0 0.0 
2 7.5934 0.0 0.0 1.29016227488 0.0 0.0 0.0 0.0 0.0 0.0 0.0 0.0 0.0 0.0 
2 3.0101 0.0 0.0 1.28760781986 0.0 0.0 0.0 0.0 0.0 0.0 0.0 0.0 0.0 0.0 
2 7.4861 0.0 0.0 1.3086544687 0.0 0.0 0.0 0.0 0.0 0.0 0.0 0.0 0.0 0.0 
2 20.0574 0.0 0.0 1.31044905034 0.0 0.0 0.0 0.0 0.0 0.0 0.0 0.0 0.0 0.0 
2 7.4861 0.0 0.0 1.3086544687 0.0 0.0 0.0 0.0 0.0 0.0 0.0 0.0 0.0 0.0 
2 20.0574 0.0 0.0 1.31044905034 0.0 0.0 0.0 0.0 0.0 0.0 0.0 0.0 0.0 0.0 
2 19.9501 0.0 0.0 1.31749719462 0.0 0.0 0.0 0.0 0.0 0.0 0.0 0.0 0.0 0.0 
2 59.4274 0.0 0.0 1.31863691291 0.0 0.0 0.0 0.0 0.0 0.0 0.0 0.0 0.0 0.0 
2 19.9501 0.0 0.0 1.31749719462 0.0 0.0 0.0 0.0 0.0 0.0 0.0 0.0 0.0 0.0 
2 59.4274 0.0 0.0 1.31863691291 0.0 0.0 0.0 0.0 0.0 0.0 0.0 0.0 0.0 0.0 
2 59.3201 0.0 0.0 1.32102210344 0.0 0.0 0.0 0.0 0.0 0.0 0.0 0.0 0.0 0.0 
2 59.3201 0.0 0.0 1.32102210344 0.0 0.0 0.0 0.0 0.0 0.0 0.0 0.0 0.0 0.0 
2 206.0874 0.0 0.0 1.3216054331 0.0 0.0 0.0 0.0 0.0 0.0 0.0 0.0 0.0 0.0 
2 206.0874 0.0 0.0 1.3216054331 0.0 0.0 0.0 0.0 0.0 0.0 0.0 0.0 0.0 0.0 
2 205.9801 0.0 0.0 1.32229388923 0.0 0.0 0.0 0.0 0.0 0.0 0.0 0.0 0.0 0.0 
2 205.9801 0.0 0.0 1.32229388923 0.0 0.0 0.0 0.0 0.0 0.0 0.0 0.0 0.0 0.0 
2 899.0874 0.0 0.0 1.32253257536 0.0 0.0 0.0 0.0 0.0 0.0 0.0 0.0 0.0 0.0 
2 899.0874 0.0 0.0 1.32253257536 0.0 0.0 0.0 0.0 0.0 0.0 0.0 0.0 0.0 0.0 
2 898.9801 0.0 0.0 1.32269042952 0.0 0.0 0.0 0.0 0.0 0.0 0.0 0.0 0.0 0.0 
2 898.9801 0.0 0.0 1.32269042952 0.0 0.0 0.0 0.0 0.0 0.0 0.0 0.0 0.0 0.0 
2 5988.1874 0.0 0.0 1.32276689581 0.0 0.0 0.0 0.0 0.0 0.0 0.0 0.0 0.0 0.0 
2 5988.1874 0.0 0.0 1.32276689581 0.0 0.0 0.0 0.0 0.0 0.0 0.0 0.0 0.0 0.0 
2 5988.0801 0.0 0.0 1.32279059838 0.0 0.0 0.0 0.0 0.0 0.0 0.0 0.0 0.0 0.0 
2 5988.0801 0.0 0.0 1.32279059838 0.0 0.0 0.0 0.0 0.0 0.0 0.0 0.0 0.0 0.0 
3 0.25799 0.0 0.0 0.385013662246 0.0 0.0 0.0 0.0 0.0 0.0 0.0 0.0 0.0 0.0 0.0 0.0 0.0 0.0 0.0 0.0 0.0 0.0 0.0 0.0 
3 0.21122 0.0 0.0 0.177359771131 0.0 0.0 0.0 0.0 0.0 0.0 0.0 0.0 0.0 0.0 0.0 0.0 0.0 0.0 0.0 0.0 0.0 0.0 0.0 0.0 
3 0.6627 0.0 0.0 0.95772358381 0.0 0.0 0.0 0.0 0.0 0.0 0.0 0.0 0.0 0.0 0.0 0.0 0.0 0.0 0.0 0.0 0.0 0.0 0.0 0.0 
3 1.3719 0.0 0.0 1.14645313828 0.0 0.0 0.0 0.0 0.0 0.0 0.0 0.0 0.0 0.0 0.0 0.0 0.0 0.0 0.0 0.0 0.0 0.0 0.0 0.0 
3 1.3719 0.0 0.0 1.14645313828 0.0 0.0 0.0 0.0 0.0 0.0 0.0 0.0 0.0 0.0 0.0 0.0 0.0 0.0 0.0 0.0 0.0 0.0 0.0 0.0 
3 0.6627 0.0 0.0 0.95772358381 0.0 0.0 0.0 0.0 0.0 0.0 0.0 0.0 0.0 0.0 0.0 0.0 0.0 0.0 0.0 0.0 0.0 0.0 0.0 0.0 
3 3.1129 0.0 0.0 1.24508602864 0.0 0.0 0.0 0.0 0.0 0.0 0.0 0.0 0.0 0.0 0.0 0.0 0.0 0.0 0.0 0.0 0.0 0.0 0.0 0.0 
3 3.1129 0.0 0.0 1.24508602864 0.0 0.0 0.0 0.0 0.0 0.0 0.0 0.0 0.0 0.0 0.0 0.0 0.0 0.0 0.0 0.0 0.0 0.0 0.0 0.0 
3 7.5889 0.0 0.0 1.2909273041 0.0 0.0 0.0 0.0 0.0 0.0 0.0 0.0 0.0 0.0 0.0 0.0 0.0 0.0 0.0 0.0 0.0 0.0 0.0 0.0 
3 7.5889 0.0 0.0 1.2909273041 0.0 0.0 0.0 0.0 0.0 0.0 0.0 0.0 0.0 0.0 0.0 0.0 0.0 0.0 0.0 0.0 0.0 0.0 0.0 0.0 
3 20.0529 0.0 0.0 1.31074312355 0.0 0.0 0.0 0.0 0.0 0.0 0.0 0.0 0.0 0.0 0.0 0.0 0.0 0.0 0.0 0.0 0.0 0.0 0.0 0.0 
3 20.0529 0.0 0.0 1.31074312355 0.0 0.0 0.0 0.0 0.0 0.0 0.0 0.0 0.0 0.0 0.0 0.0 0.0 0.0 0.0 0.0 0.0 0.0 0.0 0.0 
3 59.4229 0.0 0.0 1.31873677115 0.0 0.0 0.0 0.0 0.0 0.0 0.0 0.0 0.0 0.0 0.0 0.0 0.0 0.0 0.0 0.0 0.0 0.0 0.0 0.0 
3 59.4229 0.0 0.0 1.31873677115 0.0 0.0 0.0 0.0 0.0 0.0 0.0 0.0 0.0 0.0 0.0 0.0 0.0 0.0 0.0 0.0 0.0 0.0 0.0 0.0 
3 206.0829 0.0 0.0 1.32163429151 0.0 0.0 0.0 0.0 0.0 0.0 0.0 0.0 0.0 0.0 0.0 0.0 0.0 0.0 0.0 0.0 0.0 0.0 0.0 0.0 
3 206.0829 0.0 0.0 1.32163429151 0.0 0.0 0.0 0.0 0.0 0.0 0.0 0.0 0.0 0.0 0.0 0.0 0.0 0.0 0.0 0.0 0.0 0.0 0.0 0.0 
3 899.0829 0.0 0.0 1.32253919477 0.0 0.0 0.0 0.0 0.0 0.0 0.0 0.0 0.0 0.0 0.0 0.0 0.0 0.0 0.0 0.0 0.0 0.0 0.0 0.0 
3 899.0829 0.0 0.0 1.32253919477 0.0 0.0 0.0 0.0 0.0 0.0 0.0 0.0 0.0 0.0 0.0 0.0 0.0 0.0 0.0 0.0 0.0 0.0 0.0 0.0 
3 5988.1829 0.0 0.0 1.32276788984 0.0 0.0 0.0 0.0 0.0 0.0 0.0 0.0 0.0 0.0 0.0 0.0 0.0 0.0 0.0 0.0 0.0 0.0 0.0 0.0 
3 5988.1829 0.0 0.0 1.32276788984 0.0 0.0 0.0 0.0 0.0 0.0 0.0 0.0 0.0 0.0 0.0 0.0 0.0 0.0 0.0 0.0 0.0 0.0 0.0 0.0 
1 0.24469 0.0 0.0 0.0 0.0 0.0 0.0 0.0 
1 0.24469 0.0 0.0 1.32280829302 0.0 0.0 0.0 0.0 
1 0.24469 0.0 0.0 0.916867409768 0.0 0.0 0.0 0.0 
1 0.13087 0.0 0.0 0.0 0.0 0.0 0.0 0.0 
1 0.13087 0.0 0.0 1.32280829302 0.0 0.0 0.0 0.0 
1 0.19792 0.0 0.0 0.0 0.0 0.0 0.0 0.0 
1 0.19792 0.0 0.0 1.32280829302 0.0 0.0 0.0 0.0 
1 0.19792 0.0 0.0 1.133530146 0.0 0.0 0.0 0.0 
1 0.13087 0.0 0.0 0.563813300104 0.0 0.0 0.0 0.0 
1 0.0841 0.0 0.0 0.0 0.0 0.0 0.0 0.0 
1 0.0841 0.0 0.0 1.32280829302 0.0 0.0 0.0 0.0 
1 0.0841 0.0 0.0 0.877363217416 0.0 0.0 0.0 0.0 
1 0.6494 0.0 0.0 0.0 0.0 0.0 0.0 0.0 
1 0.6494 0.0 0.0 1.32280829302 0.0 0.0 0.0 0.0 
1 0.6494 0.0 0.0 0.345470105476 0.0 0.0 0.0 0.0 
1 1.3586 0.0 0.0 0.0 0.0 0.0 0.0 0.0 
1 1.3586 0.0 0.0 1.32280829302 0.0 0.0 0.0 0.0 
1 1.3586 0.0 0.0 0.0 0.0 0.0 0.0 0.0 
1 1.3586 0.0 0.0 1.32280829302 0.0 0.0 0.0 0.0 
1 0.72619 0.0 0.0 0.0 0.0 0.0 0.0 0.0 
1 0.72619 0.0 0.0 1.32280829302 0.0 0.0 0.0 0.0 
1 1.8401 0.0 0.0 0.0 0.0 0.0 0.0 0.0 
1 1.8401 0.0 0.0 1.32280829302 0.0 0.0 0.0 0.0 
1 1.1309 0.0 0.0 0.0 0.0 0.0 0.0 0.0 
1 1.1309 0.0 0.0 1.32280829302 0.0 0.0 0.0 0.0 
1 0.04882 0.0 0.0 0.0 0.0 0.0 0.0 0.0 
1 0.04882 0.0 0.0 1.32280829302 0.0 0.0 0.0 0.0 
1 0.04882 0.0 0.0 0.555460262329 0.0 0.0 0.0 0.0 
1 1.8401 0.0 0.0 0.0 0.0 0.0 0.0 0.0 
1 1.8401 0.0 0.0 1.32280829302 0.0 0.0 0.0 0.0 
1 1.3586 0.0 0.0 0.165131964151 0.0 0.0 0.0 0.0 
1 0.72619 0.0 0.0 1.18602635617 0.0 0.0 0.0 0.0 
1 0.09559 0.0 0.0 0.0 0.0 0.0 0.0 0.0 
1 0.09559 0.0 0.0 1.32280829302 0.0 0.0 0.0 0.0 
1 1.3586 0.0 0.0 0.165131964151 0.0 0.0 0.0 0.0 
1 0.09559 0.0 0.0 0.283686264326 0.0 0.0 0.0 0.0 
1 0.6494 0.0 0.0 0.0 0.0 0.0 0.0 0.0 
1 0.6494 0.0 0.0 1.32280829302 0.0 0.0 0.0 0.0 
1 3.5811 0.0 0.0 0.0 0.0 0.0 0.0 0.0 
1 3.5811 0.0 0.0 1.32280829302 0.0 0.0 0.0 0.0 
1 3.0996 0.0 0.0 0.0 0.0 0.0 0.0 0.0 
1 3.0996 0.0 0.0 1.32280829302 0.0 0.0 0.0 0.0 
1 1.1309 0.0 0.0 0.761588539734 0.0 0.0 0.0 0.0 
1 0.6494 0.0 0.0 0.345470105476 0.0 0.0 0.0 0.0 
1 0.53558 0.0 0.0 0.0 0.0 0.0 0.0 0.0 
1 0.53558 0.0 0.0 1.32280829302 0.0 0.0 0.0 0.0 
1 0.53558 0.0 0.0 0.137768861019 0.0 0.0 0.0 0.0 
1 0.67942 0.0 0.0 0.0 0.0 0.0 0.0 0.0 
1 0.67942 0.0 0.0 1.32280829302 0.0 0.0 0.0 0.0 
1 0.67942 0.0 0.0 1.26767018867 0.0 0.0 0.0 0.0 
1 3.0996 0.0 0.0 0.0723797543219 0.0 0.0 0.0 0.0 
1 1.8401 0.0 0.0 0.468061779026 0.0 0.0 0.0 0.0 
1 6.196 0.0 0.0 0.0 0.0 0.0 0.0 0.0 
1 6.196 0.0 0.0 1.32280829302 0.0 0.0 0.0 0.0 
1 1.1309 0.0 0.0 0.0 0.0 0.0 0.0 0.0 
1 1.1309 0.0 0.0 1.32280829302 0.0 0.0 0.0 0.0 
1 4.455 0.0 0.0 0.0 0.0 0.0 0.0 0.0 
1 4.455 0.0 0.0 1.32280829302 0.0 0.0 0.0 0.0 
1 3.5811 0.0 0.0 0.0 0.0 0.0 0.0 0.0 
1 3.5811 0.0 0.0 1.32280829302 0.0 0.0 0.0 0.0 
1 1.8401 0.0 0.0 0.468061779026 0.0 0.0 0.0 0.0 
1 3.0996 0.0 0.0 0.0 0.0 0.0 0.0 0.0 
1 3.0996 0.0 0.0 1.32280829302 0.0 0.0 0.0 0.0 
1 4.455 0.0 0.0 0.0 0.0 0.0 0.0 0.0 
1 4.455 0.0 0.0 1.32280829302 0.0 0.0 0.0 0.0 
1 1.24478 0.0 0.0 0.0 0.0 0.0 0.0 0.0 
1 1.24478 0.0 0.0 1.32280829302 0.0 0.0 0.0 0.0 
1 1.24478 0.0 0.0 0.0 0.0 0.0 0.0 0.0 
1 1.24478 0.0 0.0 1.32280829302 0.0 0.0 0.0 0.0 
1 1.24478 0.0 0.0 0.0592765360824 0.0 0.0 0.0 0.0 
1 3.0996 0.0 0.0 0.0723797543219 0.0 0.0 0.0 0.0 
1 1.24478 0.0 0.0 0.0592765360824 0.0 0.0 0.0 0.0 
1 6.196 0.0 0.0 0.0 0.0 0.0 0.0 0.0 
1 6.196 0.0 0.0 1.32280829302 0.0 0.0 0.0 0.0 
1 3.7458 0.0 0.0 0.0 0.0 0.0 0.0 0.0 
1 3.7458 0.0 0.0 1.32280829302 0.0 0.0 0.0 0.0 
1 1.1309 0.0 0.0 0.761588539734 0.0 0.0 0.0 0.0 
1 0.53558 0.0 0.0 0.0 0.0 0.0 0.0 0.0 
1 0.53558 0.0 0.0 1.32280829302 0.0 0.0 0.0 0.0 
1 3.5811 0.0 0.0 0.240507240676 0.0 0.0 0.0 0.0 
1 8.0571 0.0 0.0 0.0 0.0 0.0 0.0 0.0 
1 8.0571 0.0 0.0 1.32280829302 0.0 0.0 0.0 0.0 
1 10.672 0.0 0.0 0.0 0.0 0.0 0.0 0.0 
1 10.672 0.0 0.0 1.32280829302 0.0 0.0 0.0 0.0 
1 0.53558 0.0 0.0 0.137768861019 0.0 0.0 0.0 0.0 
1 7.5756 0.0 0.0 0.0 0.0 0.0 0.0 0.0 
1 7.5756 0.0 0.0 1.32280829302 0.0 0.0 0.0 0.0 
1 3.34109 0.0 0.0 0.0 0.0 0.0 0.0 0.0 
1 3.34109 0.0 0.0 1.32280829302 0.0 0.0 0.0 0.0 
1 2.98578 0.0 0.0 0.0 0.0 0.0 0.0 0.0 
1 2.98578 0.0 0.0 1.32280829302 0.0 0.0 0.0 0.0 
1 2.98578 0.0 0.0 0.0247125530296 0.0 0.0 0.0 0.0 
1 0.5003 0.0 0.0 0.0 0.0 0.0 0.0 0.0 
1 0.5003 0.0 0.0 1.32280829302 0.0 0.0 0.0 0.0 
1 3.34109 0.0 0.0 1.29307857166 0.0 0.0 0.0 0.0 
1 0.5003 0.0 0.0 0.0542026184428 0.0 0.0 0.0 0.0 
1 3.5811 0.0 0.0 0.240507240676 0.0 0.0 0.0 0.0 
1 7.5756 0.0 0.0 0.029614589801 0.0 0.0 0.0 0.0 
1 8.0571 0.0 0.0 0.0 0.0 0.0 0.0 0.0 
1 8.0571 0.0 0.0 1.32280829302 0.0 0.0 0.0 0.0 
1 10.672 0.0 0.0 0.0 0.0 0.0 0.0 0.0 
1 10.672 0.0 0.0 1.32280829302 0.0 0.0 0.0 0.0 
1 7.5756 0.0 0.0 0.0 0.0 0.0 0.0 0.0 
1 7.5756 0.0 0.0 1.32280829302 0.0 0.0 0.0 0.0 
1 3.7458 0.0 0.0 1.15336960996 0.0 0.0 0.0 0.0 
1 3.7458 0.0 0.0 0.0 0.0 0.0 0.0 0.0 
1 3.7458 0.0 0.0 1.32280829302 0.0 0.0 0.0 0.0 
1 2.98578 0.0 0.0 0.0 0.0 0.0 0.0 0.0 
1 2.98578 0.0 0.0 1.32280829302 0.0 0.0 0.0 0.0 
1 2.98578 0.0 0.0 0.0247125530296 0.0 0.0 0.0 0.0 
1 1.2095 0.0 0.0 0.0 0.0 0.0 0.0 0.0 
1 1.2095 0.0 0.0 1.32280829302 0.0 0.0 0.0 0.0 
1 1.2095 0.0 0.0 0.0224204795427 0.0 0.0 0.0 0.0 
1 7.5756 0.0 0.0 0.029614589801 0.0 0.0 0.0 0.0 
1 1.2095 0.0 0.0 0.0 0.0 0.0 0.0 0.0 
1 1.2095 0.0 0.0 1.32280829302 0.0 0.0 0.0 0.0 
1 1.2095 0.0 0.0 0.0224204795427 0.0 0.0 0.0 0.0 
1 3.29432 0.0 0.0 0.0 0.0 0.0 0.0 0.0 
1 3.29432 0.0 0.0 1.32280829302 0.0 0.0 0.0 0.0 
1 4.455 0.0 0.0 0.969762488216 0.0 0.0 0.0 0.0 
1 3.29432 0.0 0.0 1.3114366197 0.0 0.0 0.0 0.0 
1 8.0571 0.0 0.0 0.106897082025 0.0 0.0 0.0 0.0 
1 4.455 0.0 0.0 0.969762488216 0.0 0.0 0.0 0.0 
1 0.5003 0.0 0.0 0.0 0.0 0.0 0.0 0.0 
1 0.5003 0.0 0.0 1.32280829302 0.0 0.0 0.0 0.0 
1 0.5003 0.0 0.0 0.0542026184428 0.0 0.0 0.0 0.0 
1 23.136 0.0 0.0 0.0 0.0 0.0 0.0 0.0 
1 23.136 0.0 0.0 1.32280829302 0.0 0.0 0.0 0.0 
1 20.5211 0.0 0.0 0.0 0.0 0.0 0.0 0.0 
1 20.5211 0.0 0.0 1.32280829302 0.0 0.0 0.0 0.0 
1 7.46178 0.0 0.0 0.0 0.0 0.0 0.0 0.0 
1 7.46178 0.0 0.0 1.32280829302 0.0 0.0 0.0 0.0 
1 3.7458 0.0 0.0 1.15336960996 0.0 0.0 0.0 0.0 
1 7.46178 0.0 0.0 0.00988855830441 0.0 0.0 0.0 0.0 
1 2.9505 0.0 0.0 0.0 0.0 0.0 0.0 0.0 
1 2.9505 0.0 0.0 1.32280829302 0.0 0.0 0.0 0.0 
1 20.0396 0.0 0.0 0.0 0.0 0.0 0.0 0.0 
1 20.0396 0.0 0.0 1.32280829302 0.0 0.0 0.0 0.0 
1 8.0571 0.0 0.0 0.106897082025 0.0 0.0 0.0 0.0 
1 2.9505 0.0 0.0 0.00919083884322 0.0 0.0 0.0 0.0 
1 23.136 0.0 0.0 0.0 0.0 0.0 0.0 0.0 
1 23.136 0.0 0.0 1.32280829302 0.0 0.0 0.0 0.0 
1 20.0396 0.0 0.0 0.0111952477343 0.0 0.0 0.0 0.0 
1 7.46178 0.0 0.0 0.0 0.0 0.0 0.0 0.0 
1 7.46178 0.0 0.0 1.32280829302 0.0 0.0 0.0 0.0 
1 20.5211 0.0 0.0 0.0 0.0 0.0 0.0 0.0 
1 20.5211 0.0 0.0 1.32280829302 0.0 0.0 0.0 0.0 
1 7.46178 0.0 0.0 0.00988855830441 0.0 0.0 0.0 0.0 
1 2.9505 0.0 0.0 0.0 0.0 0.0 0.0 0.0 
1 2.9505 0.0 0.0 1.32280829302 0.0 0.0 0.0 0.0 
1 2.9505 0.0 0.0 0.00919083884322 0.0 0.0 0.0 0.0 
1 20.0396 0.0 0.0 0.0 0.0 0.0 0.0 0.0 
1 20.0396 0.0 0.0 1.32280829302 0.0 0.0 0.0 0.0 
1 6.196 0.0 0.0 0.697271124113 0.0 0.0 0.0 0.0 
1 20.0396 0.0 0.0 0.0111952477343 0.0 0.0 0.0 0.0 
1 20.5211 0.0 0.0 0.0419704830436 0.0 0.0 0.0 0.0 
1 6.196 0.0 0.0 0.697271124113 0.0 0.0 0.0 0.0 
1 7.4265 0.0 0.0 0.0 0.0 0.0 0.0 0.0 
1 7.4265 0.0 0.0 1.32280829302 0.0 0.0 0.0 0.0 
1 7.4265 0.0 0.0 0.00365146031198 0.0 0.0 0.0 0.0 
1 19.92578 0.0 0.0 0.0 0.0 0.0 0.0 0.0 
1 19.92578 0.0 0.0 1.32280829302 0.0 0.0 0.0 0.0 
1 62.506 0.0 0.0 0.0 0.0 0.0 0.0 0.0 
1 62.506 0.0 0.0 1.32280829302 0.0 0.0 0.0 0.0 
1 19.92578 0.0 0.0 0.00370305436398 0.0 0.0 0.0 0.0 
1 20.5211 0.0 0.0 0.0419704830436 0.0 0.0 0.0 0.0 
1 59.8911 0.0 0.0 0.0 0.0 0.0 0.0 0.0 
1 59.8911 0.0 0.0 1.32280829302 0.0 0.0 0.0 0.0 
1 7.4265 0.0 0.0 0.0 0.0 0.0 0.0 0.0 
1 7.4265 0.0 0.0 1.32280829302 0.0 0.0 0.0 0.0 
1 7.4265 0.0 0.0 0.00365146031198 0.0 0.0 0.0 0.0 
1 59.4096 0.0 0.0 0.0 0.0 0.0 0.0 0.0 
1 59.4096 0.0 0.0 1.32280829302 0.0 0.0 0.0 0.0 
1 19.92578 0.0 0.0 0.0 0.0 0.0 0.0 0.0 
1 19.92578 0.0 0.0 1.32280829302 0.0 0.0 0.0 0.0 
1 62.506 0.0 0.0 0.0 0.0 0.0 0.0 0.0 
1 62.506 0.0 0.0 1.32280829302 0.0 0.0 0.0 0.0 
1 19.92578 0.0 0.0 0.00370305436398 0.0 0.0 0.0 0.0 
1 59.4096 0.0 0.0 0.00377629686947 0.0 0.0 0.0 0.0 
1 59.8911 0.0 0.0 0.0 0.0 0.0 0.0 0.0 
1 59.8911 0.0 0.0 1.32280829302 0.0 0.0 0.0 0.0 
1 59.4096 0.0 0.0 0.0 0.0 0.0 0.0 0.0 
1 59.4096 0.0 0.0 1.32280829302 0.0 0.0 0.0 0.0 
1 19.8905 0.0 0.0 0.0 0.0 0.0 0.0 0.0 
1 19.8905 0.0 0.0 1.32280829302 0.0 0.0 0.0 0.0 
1 10.672 0.0 0.0 0.404824951743 0.0 0.0 0.0 0.0 
1 19.8905 0.0 0.0 0.00136334280219 0.0 0.0 0.0 0.0 
1 59.4096 0.0 0.0 0.00377629686947 0.0 0.0 0.0 0.0 
1 59.8911 0.0 0.0 0.0143807757678 0.0 0.0 0.0 0.0 
1 59.29578 0.0 0.0 0.0 0.0 0.0 0.0 0.0 
1 59.29578 0.0 0.0 1.32280829302 0.0 0.0 0.0 0.0 
1 10.672 0.0 0.0 0.404824951743 0.0 0.0 0.0 0.0 
1 19.8905 0.0 0.0 0.0 0.0 0.0 0.0 0.0 
1 19.8905 0.0 0.0 1.32280829302 0.0 0.0 0.0 0.0 
1 59.29578 0.0 0.0 0.00124437601773 0.0 0.0 0.0 0.0 
1 19.8905 0.0 0.0 0.00136334280219 0.0 0.0 0.0 0.0 
1 59.8911 0.0 0.0 0.0143807757678 0.0 0.0 0.0 0.0 
1 209.166 0.0 0.0 0.0 0.0 0.0 0.0 0.0 
1 209.166 0.0 0.0 1.32280829302 0.0 0.0 0.0 0.0 
1 59.29578 0.0 0.0 0.0 0.0 0.0 0.0 0.0 
1 59.29578 0.0 0.0 1.32280829302 0.0 0.0 0.0 0.0 
1 206.5511 0.0 0.0 0.0 0.0 0.0 0.0 0.0 
1 206.5511 0.0 0.0 1.32280829302 0.0 0.0 0.0 0.0 
1 59.29578 0.0 0.0 0.00124437601773 0.0 0.0 0.0 0.0 
1 206.0696 0.0 0.0 0.0 0.0 0.0 0.0 0.0 
1 206.0696 0.0 0.0 1.32280829302 0.0 0.0 0.0 0.0 
1 209.166 0.0 0.0 0.0 0.0 0.0 0.0 0.0 
1 209.166 0.0 0.0 1.32280829302 0.0 0.0 0.0 0.0 
1 206.0696 0.0 0.0 0.00108870151879 0.0 0.0 0.0 0.0 
1 206.5511 0.0 0.0 0.0 0.0 0.0 0.0 0.0 
1 206.5511 0.0 0.0 1.32280829302 0.0 0.0 0.0 0.0 
1 59.2605 0.0 0.0 0.0 0.0 0.0 0.0 0.0 
1 59.2605 0.0 0.0 1.32280829302 0.0 0.0 0.0 0.0 
1 59.2605 0.0 0.0 0.000457599412879 0.0 0.0 0.0 0.0 
1 206.0696 0.0 0.0 0.0 0.0 0.0 0.0 0.0 
1 206.0696 0.0 0.0 1.32280829302 0.0 0.0 0.0 0.0 
1 206.0696 0.0 0.0 0.00108870151879 0.0 0.0 0.0 0.0 
1 23.136 0.0 0.0 0.186734607754 0.0 0.0 0.0 0.0 
1 206.5511 0.0 0.0 0.00416981792682 0.0 0.0 0.0 0.0 
1 59.2605 0.0 0.0 0.0 0.0 0.0 0.0 0.0 
1 59.2605 0.0 0.0 1.32280829302 0.0 0.0 0.0 0.0 
1 59.2605 0.0 0.0 0.000457599412879 0.0 0.0 0.0 0.0 
1 205.95578 0.0 0.0 0.0 0.0 0.0 0.0 0.0 
1 205.95578 0.0 0.0 1.32280829302 0.0 0.0 0.0 0.0 
1 205.95578 0.0 0.0 0.000358262567745 0.0 0.0 0.0 0.0 
1 23.136 0.0 0.0 0.186734607754 0.0 0.0 0.0 0.0 
1 206.5511 0.0 0.0 0.00416981792682 0.0 0.0 0.0 0.0 
1 205.95578 0.0 0.0 0.0 0.0 0.0 0.0 0.0 
1 205.95578 0.0 0.0 1.32280829302 0.0 0.0 0.0 0.0 
1 902.166 0.0 0.0 0.0 0.0 0.0 0.0 0.0 
1 902.166 0.0 0.0 1.32280829302 0.0 0.0 0.0 0.0 
1 205.95578 0.0 0.0 0.000358262567745 0.0 0.0 0.0 0.0 
1 899.5511 0.0 0.0 0.0 0.0 0.0 0.0 0.0 
1 899.5511 0.0 0.0 1.32280829302 0.0 0.0 0.0 0.0 
1 899.0696 0.0 0.0 0.0 0.0 0.0 0.0 0.0 
1 899.0696 0.0 0.0 1.32280829302 0.0 0.0 0.0 0.0 
1 902.166 0.0 0.0 0.0 0.0 0.0 0.0 0.0 
1 902.166 0.0 0.0 1.32280829302 0.0 0.0 0.0 0.0 
1 205.9205 0.0 0.0 0.0 0.0 0.0 0.0 0.0 
1 205.9205 0.0 0.0 1.32280829302 0.0 0.0 0.0 0.0 
1 205.9205 0.0 0.0 0.000131689511277 0.0 0.0 0.0 0.0 
1 899.0696 0.0 0.0 0.00024953383642 0.0 0.0 0.0 0.0 
1 899.5511 0.0 0.0 0.0 0.0 0.0 0.0 0.0 
1 899.5511 0.0 0.0 1.32280829302 0.0 0.0 0.0 0.0 
1 899.0696 0.0 0.0 0.0 0.0 0.0 0.0 0.0 
1 899.0696 0.0 0.0 1.32280829302 0.0 0.0 0.0 0.0 
1 62.506 0.0 0.0 0.0691180348287 0.0 0.0 0.0 0.0 
1 205.9205 0.0 0.0 0.0 0.0 0.0 0.0 0.0 
1 205.9205 0.0 0.0 1.32280829302 0.0 0.0 0.0 0.0 
1 205.9205 0.0 0.0 0.000131689511277 0.0 0.0 0.0 0.0 
1 899.0696 0.0 0.0 0.00024953383642 0.0 0.0 0.0 0.0 
1 899.5511 0.0 0.0 0.000957455868361 0.0 0.0 0.0 0.0 
1 62.506 0.0 0.0 0.0691180348287 0.0 0.0 0.0 0.0 
1 898.95578 0.0 0.0 0.0 0.0 0.0 0.0 0.0 
1 898.95578 0.0 0.0 1.32280829302 0.0 0.0 0.0 0.0 
1 898.95578 0.0 0.0 8.20799512348e-05 0.0 0.0 0.0 0.0 
1 899.5511 0.0 0.0 0.000957455868361 0.0 0.0 0.0 0.0 
1 898.95578 0.0 0.0 0.0 0.0 0.0 0.0 0.0 
1 898.95578 0.0 0.0 1.32280829302 0.0 0.0 0.0 0.0 
1 898.95578 0.0 0.0 8.20799512348e-05 0.0 0.0 0.0 0.0 
1 5991.266 0.0 0.0 0.0 0.0 0.0 0.0 0.0 
1 5991.266 0.0 0.0 1.32280829302 0.0 0.0 0.0 0.0 
1 898.9205 0.0 0.0 0.0 0.0 0.0 0.0 0.0 
1 898.9205 0.0 0.0 1.32280829302 0.0 0.0 0.0 0.0 
1 898.9205 0.0 0.0 3.01668167618e-05 0.0 0.0 0.0 0.0 
1 209.166 0.0 0.0 0.0206548477525 0.0 0.0 0.0 0.0 
1 5988.6511 0.0 0.0 0.0 0.0 0.0 0.0 0.0 
1 5988.6511 0.0 0.0 1.32280829302 0.0 0.0 0.0 0.0 
1 5988.1696 0.0 0.0 0.0 0.0 0.0 0.0 0.0 
1 5988.1696 0.0 0.0 1.32280829302 0.0 0.0 0.0 0.0 
1 5991.266 0.0 0.0 0.0 0.0 0.0 0.0 0.0 
1 5991.266 0.0 0.0 1.32280829302 0.0 0.0 0.0 0.0 
1 898.9205 0.0 0.0 0.0 0.0 0.0 0.0 0.0 
1 898.9205 0.0 0.0 1.32280829302 0.0 0.0 0.0 0.0 
1 898.9205 0.0 0.0 3.01668167618e-05 0.0 0.0 0.0 0.0 
1 5988.1696 0.0 0.0 3.746525257e-05 0.0 0.0 0.0 0.0 
1 209.166 0.0 0.0 0.0206548477525 0.0 0.0 0.0 0.0 
1 5988.6511 0.0 0.0 0.0 0.0 0.0 0.0 0.0 
1 5988.6511 0.0 0.0 1.32280829302 0.0 0.0 0.0 0.0 
1 5988.1696 0.0 0.0 0.0 0.0 0.0 0.0 0.0 
1 5988.1696 0.0 0.0 1.32280829302 0.0 0.0 0.0 0.0 
1 5988.1696 0.0 0.0 3.746525257e-05 0.0 0.0 0.0 0.0 
1 5988.6511 0.0 0.0 0.000143818777418 0.0 0.0 0.0 0.0 
1 5988.05578 0.0 0.0 0.0 0.0 0.0 0.0 0.0 
1 5988.05578 0.0 0.0 1.32280829302 0.0 0.0 0.0 0.0 
1 5988.05578 0.0 0.0 1.23222376837e-05 0.0 0.0 0.0 0.0 
1 5988.6511 0.0 0.0 0.000143818777418 0.0 0.0 0.0 0.0 
1 5988.05578 0.0 0.0 0.0 0.0 0.0 0.0 0.0 
1 5988.05578 0.0 0.0 1.32280829302 0.0 0.0 0.0 0.0 
1 5988.05578 0.0 0.0 1.23222376837e-05 0.0 0.0 0.0 0.0 
1 902.166 0.0 0.0 0.00478879927309 0.0 0.0 0.0 0.0 
1 5988.0205 0.0 0.0 0.0 0.0 0.0 0.0 0.0 
1 5988.0205 0.0 0.0 1.32280829302 0.0 0.0 0.0 0.0 
1 5988.0205 0.0 0.0 4.52863680191e-06 0.0 0.0 0.0 0.0 
1 902.166 0.0 0.0 0.00478879927309 0.0 0.0 0.0 0.0 
1 5988.0205 0.0 0.0 0.0 0.0 0.0 0.0 0.0 
1 5988.0205 0.0 0.0 1.32280829302 0.0 0.0 0.0 0.0 
1 5988.0205 0.0 0.0 4.52863680191e-06 0.0 0.0 0.0 0.0 
1 5991.266 0.0 0.0 0.000721098326298 0.0 0.0 0.0 0.0 
1 5991.266 0.0 0.0 0.000721098326298 0.0 0.0 0.0 0.0 
2 0.3392 0.0 0.0 0.0 0.0 0.0 0.0 0.0 0.0 0.0 0.0 0.0 0.0 0.0 
2 0.3392 0.0 0.0 1.32280829302 0.0 0.0 0.0 0.0 0.0 0.0 0.0 0.0 0.0 0.0 
2 0.3392 0.0 0.0 0.66140414651 0.0 0.0 0.0 0.0 0.0 0.0 0.0 0.0 0.0 0.0 
2 0.22538 0.0 0.0 0.0 0.0 0.0 0.0 0.0 0.0 0.0 0.0 0.0 0.0 0.0 
2 0.22538 0.0 0.0 1.32280829302 0.0 0.0 0.0 0.0 0.0 0.0 0.0 0.0 0.0 0.0 
2 0.22538 0.0 0.0 0.995422337813 0.0 0.0 0.0 0.0 0.0 0.0 0.0 0.0 0.0 0.0 
2 0.22538 0.0 0.0 0.327385955207 0.0 0.0 0.0 0.0 0.0 0.0 0.0 0.0 0.0 0.0 
2 0.8207 0.0 0.0 0.0 0.0 0.0 0.0 0.0 0.0 0.0 0.0 0.0 0.0 0.0 
2 0.8207 0.0 0.0 1.32280829302 0.0 0.0 0.0 0.0 0.0 0.0 0.0 0.0 0.0 0.0 
2 0.11156 0.0 0.0 0.0 0.0 0.0 0.0 0.0 0.0 0.0 0.0 0.0 0.0 0.0 
2 0.11156 0.0 0.0 1.32280829302 0.0 0.0 0.0 0.0 0.0 0.0 0.0 0.0 0.0 0.0 
2 0.8207 0.0 0.0 1.04944617958 0.0 0.0 0.0 0.0 0.0 0.0 0.0 0.0 0.0 0.0 
2 0.8207 0.0 0.0 0.273362113435 0.0 0.0 0.0 0.0 0.0 0.0 0.0 0.0 0.0 0.0 
2 0.11156 0.0 0.0 0.66140414651 0.0 0.0 0.0 0.0 0.0 0.0 0.0 0.0 0.0 0.0 
2 1.3022 0.0 0.0 0.0 0.0 0.0 0.0 0.0 0.0 0.0 0.0 0.0 0.0 0.0 
2 1.3022 0.0 0.0 1.32280829302 0.0 0.0 0.0 0.0 0.0 0.0 0.0 0.0 0.0 0.0 
2 0.1901 0.0 0.0 0.0 0.0 0.0 0.0 0.0 0.0 0.0 0.0 0.0 0.0 0.0 
2 0.1901 0.0 0.0 1.32280829302 0.0 0.0 0.0 0.0 0.0 0.0 0.0 0.0 0.0 0.0 
2 0.1901 0.0 0.0 1.18015931876 0.0 0.0 0.0 0.0 0.0 0.0 0.0 0.0 0.0 0.0 
2 0.1901 0.0 0.0 0.14264897426 0.0 0.0 0.0 0.0 0.0 0.0 0.0 0.0 0.0 0.0 
2 1.3022 0.0 0.0 0.66140414651 0.0 0.0 0.0 0.0 0.0 0.0 0.0 0.0 0.0 0.0 
2 0.07628 0.0 0.0 0.0 0.0 0.0 0.0 0.0 0.0 0.0 0.0 0.0 0.0 0.0 
2 0.07628 0.0 0.0 1.32280829302 0.0 0.0 0.0 0.0 0.0 0.0 0.0 0.0 0.0 0.0 
2 0.07628 0.0 0.0 0.967307899641 0.0 0.0 0.0 0.0 0.0 0.0 0.0 0.0 0.0 0.0 
2 0.07628 0.0 0.0 0.355500393378 0.0 0.0 0.0 0.0 0.0 0.0 0.0 0.0 0.0 0.0 
2 0.70688 0.0 0.0 0.0 0.0 0.0 0.0 0.0 0.0 0.0 0.0 0.0 0.0 0.0 
2 0.70688 0.0 0.0 1.32280829302 0.0 0.0 0.0 0.0 0.0 0.0 0.0 0.0 0.0 0.0 
2 0.70688 0.0 0.0 1.21842530498 0.0 0.0 0.0 0.0 0.0 0.0 0.0 0.0 0.0 0.0 
2 0.70688 0.0 0.0 0.104382988038 0.0 0.0 0.0 0.0 0.0 0.0 0.0 0.0 0.0 0.0 
2 0.041 0.0 0.0 0.0 0.0 0.0 0.0 0.0 0.0 0.0 0.0 0.0 0.0 0.0 
2 0.041 0.0 0.0 1.32280829302 0.0 0.0 0.0 0.0 0.0 0.0 0.0 0.0 0.0 0.0 
2 3.9171 0.0 0.0 0.0 0.0 0.0 0.0 0.0 0.0 0.0 0.0 0.0 0.0 0.0 
2 3.9171 0.0 0.0 1.32280829302 0.0 0.0 0.0 0.0 0.0 0.0 0.0 0.0 0.0 0.0 
2 0.041 0.0 0.0 0.66140414651 0.0 0.0 0.0 0.0 0.0 0.0 0.0 0.0 0.0 0.0 
2 3.4356 0.0 0.0 0.0 0.0 0.0 0.0 0.0 0.0 0.0 0.0 0.0 0.0 0.0 
2 3.4356 0.0 0.0 1.32280829302 0.0 0.0 0.0 0.0 0.0 0.0 0.0 0.0 0.0 0.0 
2 3.4356 0.0 0.0 1.25750724328 0.0 0.0 0.0 0.0 0.0 0.0 0.0 0.0 0.0 0.0 
2 3.4356 0.0 0.0 0.0653010497427 0.0 0.0 0.0 0.0 0.0 0.0 0.0 0.0 0.0 0.0 
2 6.532 0.0 0.0 0.0 0.0 0.0 0.0 0.0 0.0 0.0 0.0 0.0 0.0 0.0 
2 6.532 0.0 0.0 1.32280829302 0.0 0.0 0.0 0.0 0.0 0.0 0.0 0.0 0.0 0.0 
2 0.6716 0.0 0.0 0.0 0.0 0.0 0.0 0.0 0.0 0.0 0.0 0.0 0.0 0.0 
2 0.6716 0.0 0.0 1.32280829302 0.0 0.0 0.0 0.0 0.0 0.0 0.0 0.0 0.0 0.0 
2 0.6716 0.0 0.0 1.28243073196 0.0 0.0 0.0 0.0 0.0 0.0 0.0 0.0 0.0 0.0 
2 0.6716 0.0 0.0 0.0403775610585 0.0 0.0 0.0 0.0 0.0 0.0 0.0 0.0 0.0 0.0 
2 3.9171 0.0 0.0 1.1029312208 0.0 0.0 0.0 0.0 0.0 0.0 0.0 0.0 0.0 0.0 
2 3.9171 0.0 0.0 0.219877072218 0.0 0.0 0.0 0.0 0.0 0.0 0.0 0.0 0.0 0.0 
2 3.32178 0.0 0.0 0.0 0.0 0.0 0.0 0.0 0.0 0.0 0.0 0.0 0.0 0.0 
2 3.32178 0.0 0.0 1.32280829302 0.0 0.0 0.0 0.0 0.0 0.0 0.0 0.0 0.0 0.0 
2 3.32178 0.0 0.0 1.30059542926 0.0 0.0 0.0 0.0 0.0 0.0 0.0 0.0 0.0 0.0 
2 3.32178 0.0 0.0 0.0222128637612 0.0 0.0 0.0 0.0 0.0 0.0 0.0 0.0 0.0 0.0 
2 3.2865 0.0 0.0 0.0 0.0 0.0 0.0 0.0 0.0 0.0 0.0 0.0 0.0 0.0 
2 3.2865 0.0 0.0 1.32280829302 0.0 0.0 0.0 0.0 0.0 0.0 0.0 0.0 0.0 0.0 
2 3.2865 0.0 0.0 1.31455709265 0.0 0.0 0.0 0.0 0.0 0.0 0.0 0.0 0.0 0.0 
2 3.2865 0.0 0.0 0.00825120036723 0.0 0.0 0.0 0.0 0.0 0.0 0.0 0.0 0.0 0.0 
2 6.532 0.0 0.0 0.66140414651 0.0 0.0 0.0 0.0 0.0 0.0 0.0 0.0 0.0 0.0 
3 0.357 0.0 0.0 0.628426572818 0.0 0.0 0.0 0.0 0.0 0.0 0.0 0.0 0.0 0.0 0.0 0.0 0.0 0.0 0.0 0.0 0.0 0.0 0.0 0.0 
3 0.24318 0.0 0.0 0.303422347992 0.0 0.0 0.0 0.0 0.0 0.0 0.0 0.0 0.0 0.0 0.0 0.0 0.0 0.0 0.0 0.0 0.0 0.0 0.0 0.0 
3 0.8385 0.0 0.0 1.02716813308 0.0 0.0 0.0 0.0 0.0 0.0 0.0 0.0 0.0 0.0 0.0 0.0 0.0 0.0 0.0 0.0 0.0 0.0 0.0 0.0 
3 0.2497 0.0 0.0 0.898471311559 0.0 0.0 0.0 0.0 0.0 0.0 0.0 0.0 0.0 0.0 0.0 0.0 0.0 0.0 0.0 0.0 0.0 0.0 0.0 0.0 
3 0.13588 0.0 0.0 0.543025070538 0.0 0.0 0.0 0.0 0.0 0.0 0.0 0.0 0.0 0.0 0.0 0.0 0.0 0.0 0.0 0.0 0.0 0.0 0.0 0.0 
3 0.2079 0.0 0.0 0.130435642169 0.0 0.0 0.0 0.0 0.0 0.0 0.0 0.0 0.0 0.0 0.0 0.0 0.0 0.0 0.0 0.0 0.0 0.0 0.0 0.0 
3 0.7312 0.0 0.0 1.17789999943 0.0 0.0 0.0 0.0 0.0 0.0 0.0 0.0 0.0 0.0 0.0 0.0 0.0 0.0 0.0 0.0 0.0 0.0 0.0 0.0 
3 0.1006 0.0 0.0 0.269558349969 0.0 0.0 0.0 0.0 0.0 0.0 0.0 0.0 0.0 0.0 0.0 0.0 0.0 0.0 0.0 0.0 0.0 0.0 0.0 0.0 
3 3.4534 0.0 0.0 1.25102562258 0.0 0.0 0.0 0.0 0.0 0.0 0.0 0.0 0.0 0.0 0.0 0.0 0.0 0.0 0.0 0.0 0.0 0.0 0.0 0.0 
3 3.3461 0.0 0.0 1.29114248977 0.0 0.0 0.0 0.0 0.0 0.0 0.0 0.0 0.0 0.0 0.0 0.0 0.0 0.0 0.0 0.0 0.0 0.0 0.0 0.0 
4 0.3525 0.0 0.0 0.636449039705 0.0 0.0 0.0 0.0 0.0 0.0 0.0 0.0 0.0 0.0 0.0 0.0 0.0 0.0 0.0 0.0 0.0 0.0 0.0 0.0 0.0 0.0 0.0 0.0 0.0 0.0 0.0 0.0 0.0 0.0 0.0 0.0 0.0 0.0 0.0 
4 0.23868 0.0 0.0 0.309142980495 0.0 0.0 0.0 0.0 0.0 0.0 0.0 0.0 0.0 0.0 0.0 0.0 0.0 0.0 0.0 0.0 0.0 0.0 0.0 0.0 0.0 0.0 0.0 0.0 0.0 0.0 0.0 0.0 0.0 0.0 0.0 0.0 0.0 0.0 0.0 
4 0.834 0.0 0.0 1.03271040718 0.0 0.0 0.0 0.0 0.0 0.0 0.0 0.0 0.0 0.0 0.0 0.0 0.0 0.0 0.0 0.0 0.0 0.0 0.0 0.0 0.0 0.0 0.0 0.0 0.0 0.0 0.0 0.0 0.0 0.0 0.0 0.0 0.0 0.0 0.0 
4 0.2034 0.0 0.0 0.133321386465 0.0 0.0 0.0 0.0 0.0 0.0 0.0 0.0 0.0 0.0 0.0 0.0 0.0 0.0 0.0 0.0 0.0 0.0 0.0 0.0 0.0 0.0 0.0 0.0 0.0 0.0 0.0 0.0 0.0 0.0 0.0 0.0 0.0 0.0 0.0 
4 3.4489 0.0 0.0 1.25265791557 0.0 0.0 0.0 0.0 0.0 0.0 0.0 0.0 0.0 0.0 0.0 0.0 0.0 0.0 0.0 0.0 0.0 0.0 0.0 0.0 0.0 0.0 0.0 0.0 0.0 0.0 0.0 0.0 0.0 0.0 0.0 0.0 0.0 0.0 0.0 
2 0.26249 0.0 0.0 0.0 0.0 0.0 0.0 0.0 0.0 0.0 0.0 0.0 0.0 0.0 
2 0.26249 0.0 0.0 1.32280829302 0.0 0.0 0.0 0.0 0.0 0.0 0.0 0.0 0.0 0.0 
2 0.26249 0.0 0.0 0.944395116431 0.0 0.0 0.0 0.0 0.0 0.0 0.0 0.0 0.0 0.0 
2 0.21572 0.0 0.0 0.0 0.0 0.0 0.0 0.0 0.0 0.0 0.0 0.0 0.0 0.0 
2 0.21572 0.0 0.0 1.32280829302 0.0 0.0 0.0 0.0 0.0 0.0 0.0 0.0 0.0 0.0 
2 0.21572 0.0 0.0 1.14914831315 0.0 0.0 0.0 0.0 0.0 0.0 0.0 0.0 0.0 0.0 
2 0.6672 0.0 0.0 0.0 0.0 0.0 0.0 0.0 0.0 0.0 0.0 0.0 0.0 0.0 
2 0.6672 0.0 0.0 1.32280829302 0.0 0.0 0.0 0.0 0.0 0.0 0.0 0.0 0.0 0.0 
2 0.15519 0.0 0.0 0.0 0.0 0.0 0.0 0.0 0.0 0.0 0.0 0.0 0.0 0.0 
2 0.15519 0.0 0.0 1.32280829302 0.0 0.0 0.0 0.0 0.0 0.0 0.0 0.0 0.0 0.0 
2 0.6672 0.0 0.0 0.371544175827 0.0 0.0 0.0 0.0 0.0 0.0 0.0 0.0 0.0 0.0 
2 0.15519 0.0 0.0 0.682756261814 0.0 0.0 0.0 0.0 0.0 0.0 0.0 0.0 0.0 0.0 
2 1.3764 0.0 0.0 0.0 0.0 0.0 0.0 0.0 0.0 0.0 0.0 0.0 0.0 0.0 
2 1.3764 0.0 0.0 1.32280829302 0.0 0.0 0.0 0.0 0.0 0.0 0.0 0.0 0.0 0.0 
2 1.3764 0.0 0.0 0.0 0.0 0.0 0.0 0.0 0.0 0.0 0.0 0.0 0.0 0.0 
2 1.3764 0.0 0.0 1.32280829302 0.0 0.0 0.0 0.0 0.0 0.0 0.0 0.0 0.0 0.0 
2 0.10842 0.0 0.0 0.0 0.0 0.0 0.0 0.0 0.0 0.0 0.0 0.0 0.0 0.0 
2 0.10842 0.0 0.0 1.32280829302 0.0 0.0 0.0 0.0 0.0 0.0 0.0 0.0 0.0 0.0 
2 0.10842 0.0 0.0 0.977282275142 0.0 0.0 0.0 0.0 0.0 0.0 0.0 0.0 0.0 0.0 
2 1.3764 0.0 0.0 0.180103366835 0.0 0.0 0.0 0.0 0.0 0.0 0.0 0.0 0.0 0.0 
2 1.3764 0.0 0.0 0.180103366835 0.0 0.0 0.0 0.0 0.0 0.0 0.0 0.0 0.0 0.0 
2 0.6672 0.0 0.0 0.0 0.0 0.0 0.0 0.0 0.0 0.0 0.0 0.0 0.0 0.0 
2 0.6672 0.0 0.0 1.32280829302 0.0 0.0 0.0 0.0 0.0 0.0 0.0 0.0 0.0 0.0 
2 3.1174 0.0 0.0 0.0 0.0 0.0 0.0 0.0 0.0 0.0 0.0 0.0 0.0 0.0 
2 3.1174 0.0 0.0 1.32280829302 0.0 0.0 0.0 0.0 0.0 0.0 0.0 0.0 0.0 0.0 
2 0.6672 0.0 0.0 0.371544175827 0.0 0.0 0.0 0.0 0.0 0.0 0.0 0.0 0.0 0.0 
2 3.1174 0.0 0.0 0.079519559284 0.0 0.0 0.0 0.0 0.0 0.0 0.0 0.0 0.0 0.0 
2 3.1174 0.0 0.0 0.0 0.0 0.0 0.0 0.0 0.0 0.0 0.0 0.0 0.0 0.0 
2 3.1174 0.0 0.0 1.32280829302 0.0 0.0 0.0 0.0 0.0 0.0 0.0 0.0 0.0 0.0 
2 0.5599 0.0 0.0 0.0 0.0 0.0 0.0 0.0 0.0 0.0 0.0 0.0 0.0 0.0 
2 0.5599 0.0 0.0 1.32280829302 0.0 0.0 0.0 0.0 0.0 0.0 0.0 0.0 0.0 0.0 
2 0.5599 0.0 0.0 0.189242622381 0.0 0.0 0.0 0.0 0.0 0.0 0.0 0.0 0.0 0.0 
2 3.1174 0.0 0.0 0.079519559284 0.0 0.0 0.0 0.0 0.0 0.0 0.0 0.0 0.0 0.0 
2 1.2691 0.0 0.0 0.0 0.0 0.0 0.0 0.0 0.0 0.0 0.0 0.0 0.0 0.0 
2 1.2691 0.0 0.0 1.32280829302 0.0 0.0 0.0 0.0 0.0 0.0 0.0 0.0 0.0 0.0 
2 1.2691 0.0 0.0 0.0 0.0 0.0 0.0 0.0 0.0 0.0 0.0 0.0 0.0 0.0 
2 1.2691 0.0 0.0 1.32280829302 0.0 0.0 0.0 0.0 0.0 0.0 0.0 0.0 0.0 0.0 
2 1.2691 0.0 0.0 0.0834898308021 0.0 0.0 0.0 0.0 0.0 0.0 0.0 0.0 0.0 0.0 
2 1.2691 0.0 0.0 0.0834898308021 0.0 0.0 0.0 0.0 0.0 0.0 0.0 0.0 0.0 0.0 
2 7.5934 0.0 0.0 0.0 0.0 0.0 0.0 0.0 0.0 0.0 0.0 0.0 0.0 0.0 
2 7.5934 0.0 0.0 1.32280829302 0.0 0.0 0.0 0.0 0.0 0.0 0.0 0.0 0.0 0.0 
2 0.5599 0.0 0.0 0.0 0.0 0.0 0.0 0.0 0.0 0.0 0.0 0.0 0.0 0.0 
2 0.5599 0.0 0.0 1.32280829302 0.0 0.0 0.0 0.0 0.0 0.0 0.0 0.0 0.0 0.0 
2 0.5599 0.0 0.0 0.189242622381 0.0 0.0 0.0 0.0 0.0 0.0 0.0 0.0 0.0 0.0 
2 7.5934 0.0 0.0 0.0326460181357 0.0 0.0 0.0 0.0 0.0 0.0 0.0 0.0 0.0 0.0 
2 3.0101 0.0 0.0 0.0 0.0 0.0 0.0 0.0 0.0 0.0 0.0 0.0 0.0 0.0 
2 3.0101 0.0 0.0 1.32280829302 0.0 0.0 0.0 0.0 0.0 0.0 0.0 0.0 0.0 0.0 
2 7.5934 0.0 0.0 0.0 0.0 0.0 0.0 0.0 0.0 0.0 0.0 0.0 0.0 0.0 
2 7.5934 0.0 0.0 1.32280829302 0.0 0.0 0.0 0.0 0.0 0.0 0.0 0.0 0.0 0.0 
2 3.0101 0.0 0.0 0.035200473164 0.0 0.0 0.0 0.0 0.0 0.0 0.0 0.0 0.0 0.0 
2 7.5934 0.0 0.0 0.0326460181357 0.0 0.0 0.0 0.0 0.0 0.0 0.0 0.0 0.0 0.0 
2 3.0101 0.0 0.0 0.0 0.0 0.0 0.0 0.0 0.0 0.0 0.0 0.0 0.0 0.0 
2 3.0101 0.0 0.0 1.32280829302 0.0 0.0 0.0 0.0 0.0 0.0 0.0 0.0 0.0 0.0 
2 3.0101 0.0 0.0 0.035200473164 0.0 0.0 0.0 0.0 0.0 0.0 0.0 0.0 0.0 0.0 
2 20.0574 0.0 0.0 0.0 0.0 0.0 0.0 0.0 0.0 0.0 0.0 0.0 0.0 0.0 
2 20.0574 0.0 0.0 1.32280829302 0.0 0.0 0.0 0.0 0.0 0.0 0.0 0.0 0.0 0.0 
2 7.4861 0.0 0.0 0.0 0.0 0.0 0.0 0.0 0.0 0.0 0.0 0.0 0.0 0.0 
2 7.4861 0.0 0.0 1.32280829302 0.0 0.0 0.0 0.0 0.0 0.0 0.0 0.0 0.0 0.0 
2 7.4861 0.0 0.0 0.0141538243239 0.0 0.0 0.0 0.0 0.0 0.0 0.0 0.0 0.0 0.0 
2 20.0574 0.0 0.0 0.0123592426791 0.0 0.0 0.0 0.0 0.0 0.0 0.0 0.0 0.0 0.0 
2 20.0574 0.0 0.0 0.0 0.0 0.0 0.0 0.0 0.0 0.0 0.0 0.0 0.0 0.0 
2 20.0574 0.0 0.0 1.32280829302 0.0 0.0 0.0 0.0 0.0 0.0 0.0 0.0 0.0 0.0 
2 7.4861 0.0 0.0 0.0 0.0 0.0 0.0 0.0 0.0 0.0 0.0 0.0 0.0 0.0 
2 7.4861 0.0 0.0 1.32280829302 0.0 0.0 0.0 0.0 0.0 0.0 0.0 0.0 0.0 0.0 
2 7.4861 0.0 0.0 0.0141538243239 0.0 0.0 0.0 0.0 0.0 0.0 0.0 0.0 0.0 0.0 
2 20.0574 0.0 0.0 0.0123592426791 0.0 0.0 0.0 0.0 0.0 0.0 0.0 0.0 0.0 0.0 
2 19.9501 0.0 0.0 0.0 0.0 0.0 0.0 0.0 0.0 0.0 0.0 0.0 0.0 0.0 
2 19.9501 0.0 0.0 1.32280829302 0.0 0.0 0.0 0.0 0.0 0.0 0.0 0.0 0.0 0.0 
2 19.9501 0.0 0.0 0.00531109840406 0.0 0.0 0.0 0.0 0.0 0.0 0.0 0.0 0.0 0.0 
2 59.4274 0.0 0.0 0.0 0.0 0.0 0.0 0.0 0.0 0.0 0.0 0.0 0.0 0.0 
2 59.4274 0.0 0.0 1.32280829302 0.0 0.0 0.0 0.0 0.0 0.0 0.0 0.0 0.0 0.0 
2 19.9501 0.0 0.0 0.0 0.0 0.0 0.0 0.0 0.0 0.0 0.0 0.0 0.0 0.0 
2 19.9501 0.0 0.0 1.32280829302 0.0 0.0 0.0 0.0 0.0 0.0 0.0 0.0 0.0 0.0 
2 59.4274 0.0 0.0 0.00417138010601 0.0 0.0 0.0 0.0 0.0 0.0 0.0 0.0 0.0 0.0 
2 19.9501 0.0 0.0 0.00531109840406 0.0 0.0 0.0 0.0 0.0 0.0 0.0 0.0 0.0 0.0 
2 59.4274 0.0 0.0 0.0 0.0 0.0 0.0 0.0 0.0 0.0 0.0 0.0 0.0 0.0 
2 59.4274 0.0 0.0 1.32280829302 0.0 0.0 0.0 0.0 0.0 0.0 0.0 0.0 0.0 0.0 
2 59.4274 0.0 0.0 0.00417138010601 0.0 0.0 0.0 0.0 0.0 0.0 0.0 0.0 0.0 0.0 
2 59.3201 0.0 0.0 0.0 0.0 0.0 0.0 0.0 0.0 0.0 0.0 0.0 0.0 0.0 
2 59.3201 0.0 0.0 1.32280829302 0.0 0.0 0.0 0.0 0.0 0.0 0.0 0.0 0.0 0.0 
2 59.3201 0.0 0.0 0.00178618957606 0.0 0.0 0.0 0.0 0.0 0.0 0.0 0.0 0.0 0.0 
2 206.0874 0.0 0.0 0.0 0.0 0.0 0.0 0.0 0.0 0.0 0.0 0.0 0.0 0.0 
2 206.0874 0.0 0.0 1.32280829302 0.0 0.0 0.0 0.0 0.0 0.0 0.0 0.0 0.0 0.0 
2 59.3201 0.0 0.0 0.0 0.0 0.0 0.0 0.0 0.0 0.0 0.0 0.0 0.0 0.0 
2 59.3201 0.0 0.0 1.32280829302 0.0 0.0 0.0 0.0 0.0 0.0 0.0 0.0 0.0 0.0 
2 59.3201 0.0 0.0 0.00178618957606 0.0 0.0 0.0 0.0 0.0 0.0 0.0 0.0 0.0 0.0 
2 206.0874 0.0 0.0 0.00120285992308 0.0 0.0 0.0 0.0 0.0 0.0 0.0 0.0 0.0 0.0 
2 206.0874 0.0 0.0 0.0 0.0 0.0 0.0 0.0 0.0 0.0 0.0 0.0 0.0 0.0 
2 206.0874 0.0 0.0 1.32280829302 0.0 0.0 0.0 0.0 0.0 0.0 0.0 0.0 0.0 0.0 
2 206.0874 0.0 0.0 0.00120285992308 0.0 0.0 0.0 0.0 0.0 0.0 0.0 0.0 0.0 0.0 
2 205.9801 0.0 0.0 0.0 0.0 0.0 0.0 0.0 0.0 0.0 0.0 0.0 0.0 0.0 
2 205.9801 0.0 0.0 1.32280829302 0.0 0.0 0.0 0.0 0.0 0.0 0.0 0.0 0.0 0.0 
2 205.9801 0.0 0.0 0.000514403790807 0.0 0.0 0.0 0.0 0.0 0.0 0.0 0.0 0.0 0.0 
2 205.9801 0.0 0.0 0.0 0.0 0.0 0.0 0.0 0.0 0.0 0.0 0.0 0.0 0.0 
2 205.9801 0.0 0.0 1.32280829302 0.0 0.0 0.0 0.0 0.0 0.0 0.0 0.0 0.0 0.0 
2 205.9801 0.0 0.0 0.000514403790807 0.0 0.0 0.0 0.0 0.0 0.0 0.0 0.0 0.0 0.0 
2 899.0874 0.0 0.0 0.0 0.0 0.0 0.0 0.0 0.0 0.0 0.0 0.0 0.0 0.0 
2 899.0874 0.0 0.0 1.32280829302 0.0 0.0 0.0 0.0 0.0 0.0 0.0 0.0 0.0 0.0 
2 899.0874 0.0 0.0 0.000275717660054 0.0 0.0 0.0 0.0 0.0 0.0 0.0 0.0 0.0 0.0 
2 899.0874 0.0 0.0 0.0 0.0 0.0 0.0 0.0 0.0 0.0 0.0 0.0 0.0 0.0 
2 899.0874 0.0 0.0 1.32280829302 0.0 0.0 0.0 0.0 0.0 0.0 0.0 0.0 0.0 0.0 
2 899.0874 0.0 0.0 0.000275717660054 0.0 0.0 0.0 0.0 0.0 0.0 0.0 0.0 0.0 0.0 
2 898.9801 0.0 0.0 0.0 0.0 0.0 0.0 0.0 0.0 0.0 0.0 0.0 0.0 0.0 
2 898.9801 0.0 0.0 1.32280829302 0.0 0.0 0.0 0.0 0.0 0.0 0.0 0.0 0.0 0.0 
2 898.9801 0.0 0.0 0.00011786350362 0.0 0.0 0.0 0.0 0.0 0.0 0.0 0.0 0.0 0.0 
2 898.9801 0.0 0.0 0.0 0.0 0.0 0.0 0.0 0.0 0.0 0.0 0.0 0.0 0.0 
2 898.9801 0.0 0.0 1.32280829302 0.0 0.0 0.0 0.0 0.0 0.0 0.0 0.0 0.0 0.0 
2 898.9801 0.0 0.0 0.00011786350362 0.0 0.0 0.0 0.0 0.0 0.0 0.0 0.0 0.0 0.0 
2 5988.1874 0.0 0.0 0.0 0.0 0.0 0.0 0.0 0.0 0.0 0.0 0.0 0.0 0.0 
2 5988.1874 0.0 0.0 1.32280829302 0.0 0.0 0.0 0.0 0.0 0.0 0.0 0.0 0.0 0.0 
2 5988.1874 0.0 0.0 4.13972138066e-05 0.0 0.0 0.0 0.0 0.0 0.0 0.0 0.0 0.0 0.0 
2 5988.1874 0.0 0.0 0.0 0.0 0.0 0.0 0.0 0.0 0.0 0.0 0.0 0.0 0.0 
2 5988.1874 0.0 0.0 1.32280829302 0.0 0.0 0.0 0.0 0.0 0.0 0.0 0.0 0.0 0.0 
2 5988.1874 0.0 0.0 4.13972138066e-05 0.0 0.0 0.0 0.0 0.0 0.0 0.0 0.0 0.0 0.0 
2 5988.0801 0.0 0.0 0.0 0.0 0.0 0.0 0.0 0.0 0.0 0.0 0.0 0.0 0.0 
2 5988.0801 0.0 0.0 1.32280829302 0.0 0.0 0.0 0.0 0.0 0.0 0.0 0.0 0.0 0.0 
2 5988.0801 0.0 0.0 1.76946437759e-05 0.0 0.0 0.0 0.0 0.0 0.0 0.0 0.0 0.0 0.0 
2 5988.0801 0.0 0.0 0.0 0.0 0.0 0.0 0.0 0.0 0.0 0.0 0.0 0.0 0.0 
2 5988.0801 0.0 0.0 1.32280829302 0.0 0.0 0.0 0.0 0.0 0.0 0.0 0.0 0.0 0.0 
2 5988.0801 0.0 0.0 1.76946437759e-05 0.0 0.0 0.0 0.0 0.0 0.0 0.0 0.0 0.0 0.0 
3 0.357 0.0 0.0 0.0 0.0 0.0 0.0 0.0 0.0 0.0 0.0 0.0 0.0 0.0 0.0 0.0 0.0 0.0 0.0 0.0 0.0 0.0 0.0 0.0 
3 0.357 0.0 0.0 1.32280829302 0.0 0.0 0.0 0.0 0.0 0.0 0.0 0.0 0.0 0.0 0.0 0.0 0.0 0.0 0.0 0.0 0.0 0.0 0.0 0.0 
3 0.357 0.0 0.0 0.694381720202 0.0 0.0 0.0 0.0 0.0 0.0 0.0 0.0 0.0 0.0 0.0 0.0 0.0 0.0 0.0 0.0 0.0 0.0 0.0 0.0 
3 0.24318 0.0 0.0 0.0 0.0 0.0 0.0 0.0 0.0 0.0 0.0 0.0 0.0 0.0 0.0 0.0 0.0 0.0 0.0 0.0 0.0 0.0 0.0 0.0 
3 0.24318 0.0 0.0 1.32280829302 0.0 0.0 0.0 0.0 0.0 0.0 0.0 0.0 0.0 0.0 0.0 0.0 0.0 0.0 0.0 0.0 0.0 0.0 0.0 0.0 
3 0.24318 0.0 0.0 1.01938594503 0.0 0.0 0.0 0.0 0.0 0.0 0.0 0.0 0.0 0.0 0.0 0.0 0.0 0.0 0.0 0.0 0.0 0.0 0.0 0.0 
3 0.8385 0.0 0.0 0.0 0.0 0.0 0.0 0.0 0.0 0.0 0.0 0.0 0.0 0.0 0.0 0.0 0.0 0.0 0.0 0.0 0.0 0.0 0.0 0.0 
3 0.8385 0.0 0.0 1.32280829302 0.0 0.0 0.0 0.0 0.0 0.0 0.0 0.0 0.0 0.0 0.0 0.0 0.0 0.0 0.0 0.0 0.0 0.0 0.0 0.0 
3 0.2497 0.0 0.0 0.0 0.0 0.0 0.0 0.0 0.0 0.0 0.0 0.0 0.0 0.0 0.0 0.0 0.0 0.0 0.0 0.0 0.0 0.0 0.0 0.0 
3 0.2497 0.0 0.0 1.32280829302 0.0 0.0 0.0 0.0 0.0 0.0 0.0 0.0 0.0 0.0 0.0 0.0 0.0 0.0 0.0 0.0 0.0 0.0 0.0 0.0 
3 0.8385 0.0 0.0 0.295640159943 0.0 0.0 0.0 0.0 0.0 0.0 0.0 0.0 0.0 0.0 0.0 0.0 0.0 0.0 0.0 0.0 0.0 0.0 0.0 0.0 
3 0.2497 0.0 0.0 0.424336981461 0.0 0.0 0.0 0.0 0.0 0.0 0.0 0.0 0.0 0.0 0.0 0.0 0.0 0.0 0.0 0.0 0.0 0.0 0.0 0.0 
3 0.13588 0.0 0.0 0.0 0.0 0.0 0.0 0.0 0.0 0.0 0.0 0.0 0.0 0.0 0.0 0.0 0.0 0.0 0.0 0.0 0.0 0.0 0.0 0.0 
3 0.13588 0.0 0.0 1.32280829302 0.0 0.0 0.0 0.0 0.0 0.0 0.0 0.0 0.0 0.0 0.0 0.0 0.0 0.0 0.0 0.0 0.0 0.0 0.0 0.0 
3 0.13588 0.0 0.0 0.779783222482 0.0 0.0 0.0 0.0 0.0 0.0 0.0 0.0 0.0 0.0 0.0 0.0 0.0 0.0 0.0 0.0 0.0 0.0 0.0 0.0 
3 0.2079 0.0 0.0 0.0 0.0 0.0 0.0 0.0 0.0 0.0 0.0 0.0 0.0 0.0 0.0 0.0 0.0 0.0 0.0 0.0 0.0 0.0 0.0 0.0 
3 0.2079 0.0 0.0 1.32280829302 0.0 0.0 0.0 0.0 0.0 0.0 0.0 0.0 0.0 0.0 0.0 0.0 0.0 0.0 0.0 0.0 0.0 0.0 0.0 0.0 
3 0.2079 0.0 0.0 1.19237265085 0.0 0.0 0.0 0.0 0.0 0.0 0.0 0.0 0.0 0.0 0.0 0.0 0.0 0.0 0.0 0.0 0.0 0.0 0.0 0.0 
3 0.7312 0.0 0.0 0.0 0.0 0.0 0.0 0.0 0.0 0.0 0.0 0.0 0.0 0.0 0.0 0.0 0.0 0.0 0.0 0.0 0.0 0.0 0.0 0.0 
3 0.7312 0.0 0.0 1.32280829302 0.0 0.0 0.0 0.0 0.0 0.0 0.0 0.0 0.0 0.0 0.0 0.0 0.0 0.0 0.0 0.0 0.0 0.0 0.0 0.0 
3 0.7312 0.0 0.0 0.144908293587 0.0 0.0 0.0 0.0 0.0 0.0 0.0 0.0 0.0 0.0 0.0 0.0 0.0 0.0 0.0 0.0 0.0 0.0 0.0 0.0 
3 3.4534 0.0 0.0 0.0 0.0 0.0 0.0 0.0 0.0 0.0 0.0 0.0 0.0 0.0 0.0 0.0 0.0 0.0 0.0 0.0 0.0 0.0 0.0 0.0 
3 3.4534 0.0 0.0 1.32280829302 0.0 0.0 0.0 0.0 0.0 0.0 0.0 0.0 0.0 0.0 0.0 0.0 0.0 0.0 0.0 0.0 0.0 0.0 0.0 0.0 
3 0.1006 0.0 0.0 0.0 0.0 0.0 0.0 0.0 0.0 0.0 0.0 0.0 0.0 0.0 0.0 0.0 0.0 0.0 0.0 0.0 0.0 0.0 0.0 0.0 
3 0.1006 0.0 0.0 1.32280829302 0.0 0.0 0.0 0.0 0.0 0.0 0.0 0.0 0.0 0.0 0.0 0.0 0.0 0.0 0.0 0.0 0.0 0.0 0.0 0.0 
3 0.1006 0.0 0.0 1.05324994305 0.0 0.0 0.0 0.0 0.0 0.0 0.0 0.0 0.0 0.0 0.0 0.0 0.0 0.0 0.0 0.0 0.0 0.0 0.0 0.0 
3 3.4534 0.0 0.0 0.0717826704442 0.0 0.0 0.0 0.0 0.0 0.0 0.0 0.0 0.0 0.0 0.0 0.0 0.0 0.0 0.0 0.0 0.0 0.0 0.0 0.0 
3 3.3461 0.0 0.0 0.0 0.0 0.0 0.0 0.0 0.0 0.0 0.0 0.0 0.0 0.0 0.0 0.0 0.0 0.0 0.0 0.0 0.0 0.0 0.0 0.0 
3 3.3461 0.0 0.0 1.32280829302 0.0 0.0 0.0 0.0 0.0 0.0 0.0 0.0 0.0 0.0 0.0 0.0 0.0 0.0 0.0 0.0 0.0 0.0 0.0 0.0 
3 3.3461 0.0 0.0 0.0316658032548 0.0 0.0 0.0 0.0 0.0 0.0 0.0 0.0 0.0 0.0 0.0 0.0 0.0 0.0 0.0 0.0 0.0 0.0 0.0 0.0 
4 0.3748 0.0 0.0 0.0 0.0 0.0 0.0 0.0 0.0 0.0 0.0 0.0 0.0 0.0 0.0 0.0 0.0 0.0 0.0 0.0 0.0 0.0 0.0 0.0 0.0 0.0 0.0 0.0 0.0 0.0 0.0 0.0 0.0 0.0 0.0 0.0 0.0 0.0 0.0 
4 0.3748 0.0 0.0 1.32280829302 0.0 0.0 0.0 0.0 0.0 0.0 0.0 0.0 0.0 0.0 0.0 0.0 0.0 0.0 0.0 0.0 0.0 0.0 0.0 0.0 0.0 0.0 0.0 0.0 0.0 0.0 0.0 0.0 0.0 0.0 0.0 0.0 0.0 0.0 0.0 
4 0.3748 0.0 0.0 0.66140414651 0.0 0.0 0.0 0.0 0.0 0.0 0.0 0.0 0.0 0.0 0.0 0.0 0.0 0.0 0.0 0.0 0.0 0.0 0.0 0.0 0.0 0.0 0.0 0.0 0.0 0.0 0.0 0.0 0.0 0.0 0.0 0.0 0.0 0.0 0.0 
4 0.2675 0.0 0.0 0.0 0.0 0.0 0.0 0.0 0.0 0.0 0.0 0.0 0.0 0.0 0.0 0.0 0.0 0.0 0.0 0.0 0.0 0.0 0.0 0.0 0.0 0.0 0.0 0.0 0.0 0.0 0.0 0.0 0.0 0.0 0.0 0.0 0.0 0.0 0.0 
4 0.2675 0.0 0.0 1.32280829302 0.0 0.0 0.0 0.0 0.0 0.0 0.0 0.0 0.0 0.0 0.0 0.0 0.0 0.0 0.0 0.0 0.0 0.0 0.0 0.0 0.0 0.0 0.0 0.0 0.0 0.0 0.0 0.0 0.0 0.0 0.0 0.0 0.0 0.0 0.0 
4 0.2675 0.0 0.0 0.926707566774 0.0 0.0 0.0 0.0 0.0 0.0 0.0 0.0 0.0 0.0 0.0 0.0 0.0 0.0 0.0 0.0 0.0 0.0 0.0 0.0 0.0 0.0 0.0 0.0 0.0 0.0 0.0 0.0 0.0 0.0 0.0 0.0 0.0 0.0 0.0 
4 0.2675 0.0 0.0 0.396100726246 0.0 0.0 0.0 0.0 0.0 0.0 0.0 0.0 0.0 0.0 0.0 0.0 0.0 0.0 0.0 0.0 0.0 0.0 0.0 0.0 0.0 0.0 0.0 0.0 0.0 0.0 0.0 0.0 0.0 0.0 0.0 0.0 0.0 0.0 0.0 
4 0.1602 0.0 0.0 0.0 0.0 0.0 0.0 0.0 0.0 0.0 0.0 0.0 0.0 0.0 0.0 0.0 0.0 0.0 0.0 0.0 0.0 0.0 0.0 0.0 0.0 0.0 0.0 0.0 0.0 0.0 0.0 0.0 0.0 0.0 0.0 0.0 0.0 0.0 0.0 
4 0.1602 0.0 0.0 1.32280829302 0.0 0.0 0.0 0.0 0.0 0.0 0.0 0.0 0.0 0.0 0.0 0.0 0.0 0.0 0.0 0.0 0.0 0.0 0.0 0.0 0.0 0.0 0.0 0.0 0.0 0.0 0.0 0.0 0.0 0.0 0.0 0.0 0.0 0.0 0.0 
4 0.1602 0.0 0.0 0.66140414651 0.0 0.0 0.0 0.0 0.0 0.0 0.0 0.0 0.0 0.0 0.0 0.0 0.0 0.0 0.0 0.0 0.0 0.0 0.0 0.0 0.0 0.0 0.0 0.0 0.0 0.0 0.0 0.0 0.0 0.0 0.0 0.0 0.0 0.0 0.0 
5 0.3703 0.0 0.0 0.669441734032 0.0 0.0 0.0 0.0 0.0 0.0 0.0 0.0 0.0 0.0 0.0 0.0 0.0 0.0 0.0 0.0 0.0 0.0 0.0 0.0 0.0 0.0 0.0 0.0 0.0 0.0 0.0 0.0 0.0 0.0 0.0 0.0 0.0 0.0 0.0 0.0 0.0 0.0 0.0 0.0 0.0 0.0 0.0 0.0 0.0 0.0 0.0 0.0 0.0 0.0 0.0 0.0 0.0 0.0 0.0 0.0 
5 0.263 0.0 0.0 0.402878115098 0.0 0.0 0.0 0.0 0.0 0.0 0.0 0.0 0.0 0.0 0.0 0.0 0.0 0.0 0.0 0.0 0.0 0.0 0.0 0.0 0.0 0.0 0.0 0.0 0.0 0.0 0.0 0.0 0.0 0.0 0.0 0.0 0.0 0.0 0.0 0.0 0.0 0.0 0.0 0.0 0.0 0.0 0.0 0.0 0.0 0.0 0.0 0.0 0.0 0.0 0.0 0.0 0.0 0.0 0.0 0.0 
3 0.25799 0.0 0.0 0.0 0.0 0.0 0.0 0.0 0.0 0.0 0.0 0.0 0.0 0.0 0.0 0.0 0.0 0.0 0.0 0.0 0.0 0.0 0.0 0.0 
3 0.25799 0.0 0.0 1.32280829302 0.0 0.0 0.0 0.0 0.0 0.0 0.0 0.0 0.0 0.0 0.0 0.0 0.0 0.0 0.0 0.0 0.0 0.0 0.0 0.0 
3 0.25799 0.0 0.0 0.937794630774 0.0 0.0 0.0 0.0 0.0 0.0 0.0 0.0 0.0 0.0 0.0 0.0 0.0 0.0 0.0 0.0 0.0 0.0 0.0 0.0 
3 0.21122 0.0 0.0 0.0 0.0 0.0 0.0 0.0 0.0 0.0 0.0 0.0 0.0 0.0 0.0 0.0 0.0 0.0 0.0 0.0 0.0 0.0 0.0 0.0 
3 0.21122 0.0 0.0 1.32280829302 0.0 0.0 0.0 0.0 0.0 0.0 0.0 0.0 0.0 0.0 0.0 0.0 0.0 0.0 0.0 0.0 0.0 0.0 0.0 0.0 
3 0.21122 0.0 0.0 1.14544852189 0.0 0.0 0.0 0.0 0.0 0.0 0.0 0.0 0.0 0.0 0.0 0.0 0.0 0.0 0.0 0.0 0.0 0.0 0.0 0.0 
3 0.6627 0.0 0.0 0.0 0.0 0.0 0.0 0.0 0.0 0.0 0.0 0.0 0.0 0.0 0.0 0.0 0.0 0.0 0.0 0.0 0.0 0.0 0.0 0.0 
3 0.6627 0.0 0.0 1.32280829302 0.0 0.0 0.0 0.0 0.0 0.0 0.0 0.0 0.0 0.0 0.0 0.0 0.0 0.0 0.0 0.0 0.0 0.0 0.0 0.0 
3 0.6627 0.0 0.0 0.36508470921 0.0 0.0 0.0 0.0 0.0 0.0 0.0 0.0 0.0 0.0 0.0 0.0 0.0 0.0 0.0 0.0 0.0 0.0 0.0 0.0 
3 1.3719 0.0 0.0 0.0 0.0 0.0 0.0 0.0 0.0 0.0 0.0 0.0 0.0 0.0 0.0 0.0 0.0 0.0 0.0 0.0 0.0 0.0 0.0 0.0 
3 1.3719 0.0 0.0 1.32280829302 0.0 0.0 0.0 0.0 0.0 0.0 0.0 0.0 0.0 0.0 0.0 0.0 0.0 0.0 0.0 0.0 0.0 0.0 0.0 0.0 
3 1.3719 0.0 0.0 0.0 0.0 0.0 0.0 0.0 0.0 0.0 0.0 0.0 0.0 0.0 0.0 0.0 0.0 0.0 0.0 0.0 0.0 0.0 0.0 0.0 
3 1.3719 0.0 0.0 1.32280829302 0.0 0.0 0.0 0.0 0.0 0.0 0.0 0.0 0.0 0.0 0.0 0.0 0.0 0.0 0.0 0.0 0.0 0.0 0.0 0.0 
3 1.3719 0.0 0.0 0.176355154744 0.0 0.0 0.0 0.0 0.0 0.0 0.0 0.0 0.0 0.0 0.0 0.0 0.0 0.0 0.0 0.0 0.0 0.0 0.0 0.0 
3 1.3719 0.0 0.0 0.176355154744 0.0 0.0 0.0 0.0 0.0 0.0 0.0 0.0 0.0 0.0 0.0 0.0 0.0 0.0 0.0 0.0 0.0 0.0 0.0 0.0 
3 0.6627 0.0 0.0 0.0 0.0 0.0 0.0 0.0 0.0 0.0 0.0 0.0 0.0 0.0 0.0 0.0 0.0 0.0 0.0 0.0 0.0 0.0 0.0 0.0 
3 0.6627 0.0 0.0 1.32280829302 0.0 0.0 0.0 0.0 0.0 0.0 0.0 0.0 0.0 0.0 0.0 0.0 0.0 0.0 0.0 0.0 0.0 0.0 0.0 0.0 
3 3.1129 0.0 0.0 0.0 0.0 0.0 0.0 0.0 0.0 0.0 0.0 0.0 0.0 0.0 0.0 0.0 0.0 0.0 0.0 0.0 0.0 0.0 0.0 0.0 
3 3.1129 0.0 0.0 1.32280829302 0.0 0.0 0.0 0.0 0.0 0.0 0.0 0.0 0.0 0.0 0.0 0.0 0.0 0.0 0.0 0.0 0.0 0.0 0.0 0.0 
3 0.6627 0.0 0.0 0.36508470921 0.0 0.0 0.0 0.0 0.0 0.0 0.0 0.0 0.0 0.0 0.0 0.0 0.0 0.0 0.0 0.0 0.0 0.0 0.0 0.0 
3 3.1129 0.0 0.0 0.0777222643816 0.0 0.0 0.0 0.0 0.0 0.0 0.0 0.0 0.0 0.0 0.0 0.0 0.0 0.0 0.0 0.0 0.0 0.0 0.0 0.0 
3 3.1129 0.0 0.0 0.0 0.0 0.0 0.0 0.0 0.0 0.0 0.0 0.0 0.0 0.0 0.0 0.0 0.0 0.0 0.0 0.0 0.0 0.0 0.0 0.0 
3 3.1129 0.0 0.0 1.32280829302 0.0 0.0 0.0 0.0 0.0 0.0 0.0 0.0 0.0 0.0 0.0 0.0 0.0 0.0 0.0 0.0 0.0 0.0 0.0 0.0 
3 3.1129 0.0 0.0 0.0777222643816 0.0 0.0 0.0 0.0 0.0 0.0 0.0 0.0 0.0 0.0 0.0 0.0 0.0 0.0 0.0 0.0 0.0 0.0 0.0 0.0 
3 7.5889 0.0 0.0 0.0 0.0 0.0 0.0 0.0 0.0 0.0 0.0 0.0 0.0 0.0 0.0 0.0 0.0 0.0 0.0 0.0 0.0 0.0 0.0 0.0 
3 7.5889 0.0 0.0 1.32280829302 0.0 0.0 0.0 0.0 0.0 0.0 0.0 0.0 0.0 0.0 0.0 0.0 0.0 0.0 0.0 0.0 0.0 0.0 0.0 0.0 
3 7.5889 0.0 0.0 0.0318809889171 0.0 0.0 0.0 0.0 0.0 0.0 0.0 0.0 0.0 0.0 0.0 0.0 0.0 0.0 0.0 0.0 0.0 0.0 0.0 0.0 
3 7.5889 0.0 0.0 0.0 0.0 0.0 0.0 0.0 0.0 0.0 0.0 0.0 0.0 0.0 0.0 0.0 0.0 0.0 0.0 0.0 0.0 0.0 0.0 0.0 
3 7.5889 0.0 0.0 1.32280829302 0.0 0.0 0.0 0.0 0.0 0.0 0.0 0.0 0.0 0.0 0.0 0.0 0.0 0.0 0.0 0.0 0.0 0.0 0.0 0.0 
3 7.5889 0.0 0.0 0.0318809889171 0.0 0.0 0.0 0.0 0.0 0.0 0.0 0.0 0.0 0.0 0.0 0.0 0.0 0.0 0.0 0.0 0.0 0.0 0.0 0.0 
3 20.0529 0.0 0.0 0.0 0.0 0.0 0.0 0.0 0.0 0.0 0.0 0.0 0.0 0.0 0.0 0.0 0.0 0.0 0.0 0.0 0.0 0.0 0.0 0.0 
3 20.0529 0.0 0.0 1.32280829302 0.0 0.0 0.0 0.0 0.0 0.0 0.0 0.0 0.0 0.0 0.0 0.0 0.0 0.0 0.0 0.0 0.0 0.0 0.0 0.0 
3 20.0529 0.0 0.0 0.0120651694664 0.0 0.0 0.0 0.0 0.0 0.0 0.0 0.0 0.0 0.0 0.0 0.0 0.0 0.0 0.0 0.0 0.0 0.0 0.0 0.0 
3 20.0529 0.0 0.0 0.0 0.0 0.0 0.0 0.0 0.0 0.0 0.0 0.0 0.0 0.0 0.0 0.0 0.0 0.0 0.0 0.0 0.0 0.0 0.0 0.0 
3 20.0529 0.0 0.0 1.32280829302 0.0 0.0 0.0 0.0 0.0 0.0 0.0 0.0 0.0 0.0 0.0 0.0 0.0 0.0 0.0 0.0 0.0 0.0 0.0 0.0 
3 20.0529 0.0 0.0 0.0120651694664 0.0 0.0 0.0 0.0 0.0 0.0 0.0 0.0 0.0 0.0 0.0 0.0 0.0 0.0 0.0 0.0 0.0 0.0 0.0 0.0 
3 59.4229 0.0 0.0 0.0 0.0 0.0 0.0 0.0 0.0 0.0 0.0 0.0 0.0 0.0 0.0 0.0 0.0 0.0 0.0 0.0 0.0 0.0 0.0 0.0 
3 59.4229 0.0 0.0 1.32280829302 0.0 0.0 0.0 0.0 0.0 0.0 0.0 0.0 0.0 0.0 0.0 0.0 0.0 0.0 0.0 0.0 0.0 0.0 0.0 0.0 
3 59.4229 0.0 0.0 0.00407152186772 0.0 0.0 0.0 0.0 0.0 0.0 0.0 0.0 0.0 0.0 0.0 0.0 0.0 0.0 0.0 0.0 0.0 0.0 0.0 0.0 
3 59.4229 0.0 0.0 0.0 0.0 0.0 0.0 0.0 0.0 0.0 0.0 0.0 0.0 0.0 0.0 0.0 0.0 0.0 0.0 0.0 0.0 0.0 0.0 0.0 
3 59.4229 0.0 0.0 1.32280829302 0.0 0.0 0.0 0.0 0.0 0.0 0.0 0.0 0.0 0.0 0.0 0.0 0.0 0.0 0.0 0.0 0.0 0.0 0.0 0.0 
3 59.4229 0.0 0.0 0.00407152186772 0.0 0.0 0.0 0.0 0.0 0.0 0.0 0.0 0.0 0.0 0.0 0.0 0.0 0.0 0.0 0.0 0.0 0.0 0.0 0.0 
3 206.0829 0.0 0.0 0.0 0.0 0.0 0.0 0.0 0.0 0.0 0.0 0.0 0.0 0.0 0.0 0.0 0.0 0.0 0.0 0.0 0.0 0.0 0.0 0.0 
3 206.0829 0.0 0.0 1.32280829302 0.0 0.0 0.0 0.0 0.0 0.0 0.0 0.0 0.0 0.0 0.0 0.0 0.0 0.0 0.0 0.0 0.0 0.0 0.0 0.0 
3 206.0829 0.0 0.0 0.00117400151489 0.0 0.0 0.0 0.0 0.0 0.0 0.0 0.0 0.0 0.0 0.0 0.0 0.0 0.0 0.0 0.0 0.0 0.0 0.0 0.0 
3 206.0829 0.0 0.0 0.0 0.0 0.0 0.0 0.0 0.0 0.0 0.0 0.0 0.0 0.0 0.0 0.0 0.0 0.0 0.0 0.0 0.0 0.0 0.0 0.0 
3 206.0829 0.0 0.0 1.32280829302 0.0 0.0 0.0 0.0 0.0 0.0 0.0 0.0 0.0 0.0 0.0 0.0 0.0 0.0 0.0 0.0 0.0 0.0 0.0 0.0 
3 206.0829 0.0 0.0 0.00117400151489 0.0 0.0 0.0 0.0 0.0 0.0 0.0 0.0 0.0 0.0 0.0 0.0 0.0 0.0 0.0 0.0 0.0 0.0 0.0 0.0 
3 899.0829 0.0 0.0 0.0 0.0 0.0 0.0 0.0 0.0 0.0 0.0 0.0 0.0 0.0 0.0 0.0 0.0 0.0 0.0 0.0 0.0 0.0 0.0 0.0 
3 899.0829 0.0 0.0 1.32280829302 0.0 0.0 0.0 0.0 0.0 0.0 0.0 0.0 0.0 0.0 0.0 0.0 0.0 0.0 0.0 0.0 0.0 0.0 0.0 0.0 
3 899.0829 0.0 0.0 0.000269098252 0.0 0.0 0.0 0.0 0.0 0.0 0.0 0.0 0.0 0.0 0.0 0.0 0.0 0.0 0.0 0.0 0.0 0.0 0.0 0.0 
3 899.0829 0.0 0.0 0.0 0.0 0.0 0.0 0.0 0.0 0.0 0.0 0.0 0.0 0.0 0.0 0.0 0.0 0.0 0.0 0.0 0.0 0.0 0.0 0.0 
3 899.0829 0.0 0.0 1.32280829302 0.0 0.0 0.0 0.0 0.0 0.0 0.0 0.0 0.0 0.0 0.0 0.0 0.0 0.0 0.0 0.0 0.0 0.0 0.0 0.0 
3 899.0829 0.0 0.0 0.000269098252 0.0 0.0 0.0 0.0 0.0 0.0 0.0 0.0 0.0 0.0 0.0 0.0 0.0 0.0 0.0 0.0 0.0 0.0 0.0 0.0 
3 5988.1829 0.0 0.0 0.0 0.0 0.0 0.0 0.0 0.0 0.0 0.0 0.0 0.0 0.0 0.0 0.0 0.0 0.0 0.0 0.0 0.0 0.0 0.0 0.0 
3 5988.1829 0.0 0.0 1.32280829302 0.0 0.0 0.0 0.0 0.0 0.0 0.0 0.0 0.0 0.0 0.0 0.0 0.0 0.0 0.0 0.0 0.0 0.0 0.0 0.0 
3 5988.1829 0.0 0.0 4.04031808703e-05 0.0 0.0 0.0 0.0 0.0 0.0 0.0 0.0 0.0 0.0 0.0 0.0 0.0 0.0 0.0 0.0 0.0 0.0 0.0 0.0 
3 5988.1829 0.0 0.0 0.0 0.0 0.0 0.0 0.0 0.0 0.0 0.0 0.0 0.0 0.0 0.0 0.0 0.0 0.0 0.0 0.0 0.0 0.0 0.0 0.0 
3 5988.1829 0.0 0.0 1.32280829302 0.0 0.0 0.0 0.0 0.0 0.0 0.0 0.0 0.0 0.0 0.0 0.0 0.0 0.0 0.0 0.0 0.0 0.0 0.0 0.0 
3 5988.1829 0.0 0.0 4.04031808703e-05 0.0 0.0 0.0 0.0 0.0 0.0 0.0 0.0 0.0 0.0 0.0 0.0 0.0 0.0 0.0 0.0 0.0 0.0 0.0 0.0 
4 0.3525 0.0 0.0 0.0 0.0 0.0 0.0 0.0 0.0 0.0 0.0 0.0 0.0 0.0 0.0 0.0 0.0 0.0 0.0 0.0 0.0 0.0 0.0 0.0 0.0 0.0 0.0 0.0 0.0 0.0 0.0 0.0 0.0 0.0 0.0 0.0 0.0 0.0 0.0 
4 0.3525 0.0 0.0 1.32280829302 0.0 0.0 0.0 0.0 0.0 0.0 0.0 0.0 0.0 0.0 0.0 0.0 0.0 0.0 0.0 0.0 0.0 0.0 0.0 0.0 0.0 0.0 0.0 0.0 0.0 0.0 0.0 0.0 0.0 0.0 0.0 0.0 0.0 0.0 0.0 
4 0.3525 0.0 0.0 0.686359253314 0.0 0.0 0.0 0.0 0.0 0.0 0.0 0.0 0.0 0.0 0.0 0.0 0.0 0.0 0.0 0.0 0.0 0.0 0.0 0.0 0.0 0.0 0.0 0.0 0.0 0.0 0.0 0.0 0.0 0.0 0.0 0.0 0.0 0.0 0.0 
4 0.23868 0.0 0.0 0.0 0.0 0.0 0.0 0.0 0.0 0.0 0.0 0.0 0.0 0.0 0.0 0.0 0.0 0.0 0.0 0.0 0.0 0.0 0.0 0.0 0.0 0.0 0.0 0.0 0.0 0.0 0.0 0.0 0.0 0.0 0.0 0.0 0.0 0.0 0.0 
4 0.23868 0.0 0.0 1.32280829302 0.0 0.0 0.0 0.0 0.0 0.0 0.0 0.0 0.0 0.0 0.0 0.0 0.0 0.0 0.0 0.0 0.0 0.0 0.0 0.0 0.0 0.0 0.0 0.0 0.0 0.0 0.0 0.0 0.0 0.0 0.0 0.0 0.0 0.0 0.0 
4 0.23868 0.0 0.0 1.01366531252 0.0 0.0 0.0 0.0 0.0 0.0 0.0 0.0 0.0 0.0 0.0 0.0 0.0 0.0 0.0 0.0 0.0 0.0 0.0 0.0 0.0 0.0 0.0 0.0 0.0 0.0 0.0 0.0 0.0 0.0 0.0 0.0 0.0 0.0 0.0 
4 0.834 0.0 0.0 0.0 0.0 0.0 0.0 0.0 0.0 0.0 0.0 0.0 0.0 0.0 0.0 0.0 0.0 0.0 0.0 0.0 0.0 0.0 0.0 0.0 0.0 0.0 0.0 0.0 0.0 0.0 0.0 0.0 0.0 0.0 0.0 0.0 0.0 0.0 0.0 
4 0.834 0.0 0.0 1.32280829302 0.0 0.0 0.0 0.0 0.0 0.0 0.0 0.0 0.0 0.0 0.0 0.0 0.0 0.0 0.0 0.0 0.0 0.0 0.0 0.0 0.0 0.0 0.0 0.0 0.0 0.0 0.0 0.0 0.0 0.0 0.0 0.0 0.0 0.0 0.0 
4 0.834 0.0 0.0 0.290097885843 0.0 0.0 0.0 0.0 0.0 0.0 0.0 0.0 0.0 0.0 0.0 0.0 0.0 0.0 0.0 0.0 0.0 0.0 0.0 0.0 0.0 0.0 0.0 0.0 0.0 0.0 0.0 0.0 0.0 0.0 0.0 0.0 0.0 0.0 0.0 
4 0.2034 0.0 0.0 0.0 0.0 0.0 0.0 0.0 0.0 0.0 0.0 0.0 0.0 0.0 0.0 0.0 0.0 0.0 0.0 0.0 0.0 0.0 0.0 0.0 0.0 0.0 0.0 0.0 0.0 0.0 0.0 0.0 0.0 0.0 0.0 0.0 0.0 0.0 0.0 
4 0.2034 0.0 0.0 1.32280829302 0.0 0.0 0.0 0.0 0.0 0.0 0.0 0.0 0.0 0.0 0.0 0.0 0.0 0.0 0.0 0.0 0.0 0.0 0.0 0.0 0.0 0.0 0.0 0.0 0.0 0.0 0.0 0.0 0.0 0.0 0.0 0.0 0.0 0.0 0.0 
4 0.2034 0.0 0.0 1.18948690656 0.0 0.0 0.0 0.0 0.0 0.0 0.0 0.0 0.0 0.0 0.0 0.0 0.0 0.0 0.0 0.0 0.0 0.0 0.0 0.0 0.0 0.0 0.0 0.0 0.0 0.0 0.0 0.0 0.0 0.0 0.0 0.0 0.0 0.0 0.0 
4 3.4489 0.0 0.0 0.0 0.0 0.0 0.0 0.0 0.0 0.0 0.0 0.0 0.0 0.0 0.0 0.0 0.0 0.0 0.0 0.0 0.0 0.0 0.0 0.0 0.0 0.0 0.0 0.0 0.0 0.0 0.0 0.0 0.0 0.0 0.0 0.0 0.0 0.0 0.0 
4 3.4489 0.0 0.0 1.32280829302 0.0 0.0 0.0 0.0 0.0 0.0 0.0 0.0 0.0 0.0 0.0 0.0 0.0 0.0 0.0 0.0 0.0 0.0 0.0 0.0 0.0 0.0 0.0 0.0 0.0 0.0 0.0 0.0 0.0 0.0 0.0 0.0 0.0 0.0 0.0 
4 3.4489 0.0 0.0 0.0701503774518 0.0 0.0 0.0 0.0 0.0 0.0 0.0 0.0 0.0 0.0 0.0 0.0 0.0 0.0 0.0 0.0 0.0 0.0 0.0 0.0 0.0 0.0 0.0 0.0 0.0 0.0 0.0 0.0 0.0 0.0 0.0 0.0 0.0 0.0 0.0 
5 0.3703 0.0 0.0 0.0 0.0 0.0 0.0 0.0 0.0 0.0 0.0 0.0 0.0 0.0 0.0 0.0 0.0 0.0 0.0 0.0 0.0 0.0 0.0 0.0 0.0 0.0 0.0 0.0 0.0 0.0 0.0 0.0 0.0 0.0 0.0 0.0 0.0 0.0 0.0 0.0 0.0 0.0 0.0 0.0 0.0 0.0 0.0 0.0 0.0 0.0 0.0 0.0 0.0 0.0 0.0 0.0 0.0 0.0 0.0 0.0 
5 0.3703 0.0 0.0 1.32280829302 0.0 0.0 0.0 0.0 0.0 0.0 0.0 0.0 0.0 0.0 0.0 0.0 0.0 0.0 0.0 0.0 0.0 0.0 0.0 0.0 0.0 0.0 0.0 0.0 0.0 0.0 0.0 0.0 0.0 0.0 0.0 0.0 0.0 0.0 0.0 0.0 0.0 0.0 0.0 0.0 0.0 0.0 0.0 0.0 0.0 0.0 0.0 0.0 0.0 0.0 0.0 0.0 0.0 0.0 0.0 0.0 
5 0.3703 0.0 0.0 0.653366558988 0.0 0.0 0.0 0.0 0.0 0.0 0.0 0.0 0.0 0.0 0.0 0.0 0.0 0.0 0.0 0.0 0.0 0.0 0.0 0.0 0.0 0.0 0.0 0.0 0.0 0.0 0.0 0.0 0.0 0.0 0.0 0.0 0.0 0.0 0.0 0.0 0.0 0.0 0.0 0.0 0.0 0.0 0.0 0.0 0.0 0.0 0.0 0.0 0.0 0.0 0.0 0.0 0.0 0.0 0.0 0.0 
5 0.263 0.0 0.0 0.0 0.0 0.0 0.0 0.0 0.0 0.0 0.0 0.0 0.0 0.0 0.0 0.0 0.0 0.0 0.0 0.0 0.0 0.0 0.0 0.0 0.0 0.0 0.0 0.0 0.0 0.0 0.0 0.0 0.0 0.0 0.0 0.0 0.0 0.0 0.0 0.0 0.0 0.0 0.0 0.0 0.0 0.0 0.0 0.0 0.0 0.0 0.0 0.0 0.0 0.0 0.0 0.0 0.0 0.0 0.0 0.0 
5 0.263 0.0 0.0 1.32280829302 0.0 0.0 0.0 0.0 0.0 0.0 0.0 0.0 0.0 0.0 0.0 0.0 0.0 0.0 0.0 0.0 0.0 0.0 0.0 0.0 0.0 0.0 0.0 0.0 0.0 0.0 0.0 0.0 0.0 0.0 0.0 0.0 0.0 0.0 0.0 0.0 0.0 0.0 0.0 0.0 0.0 0.0 0.0 0.0 0.0 0.0 0.0 0.0 0.0 0.0 0.0 0.0 0.0 0.0 0.0 0.0 
5 0.263 0.0 0.0 0.919930177921 0.0 0.0 0.0 0.0 0.0 0.0 0.0 0.0 0.0 0.0 0.0 0.0 0.0 0.0 0.0 0.0 0.0 0.0 0.0 0.0 0.0 0.0 0.0 0.0 0.0 0.0 0.0 0.0 0.0 0.0 0.0 0.0 0.0 0.0 0.0 0.0 0.0 0.0 0.0 0.0 0.0 0.0 0.0 0.0 0.0 0.0 0.0 0.0 0.0 0.0 0.0 0.0 0.0 0.0 0.0 0.0 
6 0.3658 0.0 0.0 0.0 0.0 0.0 0.0 0.0 0.0 0.0 0.0 0.0 0.0 0.0 0.0 0.0 0.0 0.0 0.0 0.0 0.0 0.0 0.0 0.0 0.0 0.0 0.0 0.0 0.0 0.0 0.0 0.0 0.0 0.0 0.0 0.0 0.0 0.0 0.0 0.0 0.0 0.0 0.0 0.0 0.0 0.0 0.0 0.0 0.0 0.0 0.0 0.0 0.0 0.0 0.0 0.0 0.0 0.0 0.0 0.0 0.0 0.0 0.0 0.0 0.0 0.0 0.0 0.0 0.0 0.0 0.0 0.0 0.0 0.0 0.0 0.0 0.0 0.0 0.0 0.0 0.0 0.0 0.0 0.0 0.0 0.0 0.0 0.0 
6 0.3658 0.0 0.0 1.32280829302 0.0 0.0 0.0 0.0 0.0 0.0 0.0 0.0 0.0 0.0 0.0 0.0 0.0 0.0 0.0 0.0 0.0 0.0 0.0 0.0 0.0 0.0 0.0 0.0 0.0 0.0 0.0 0.0 0.0 0.0 0.0 0.0 0.0 0.0 0.0 0.0 0.0 0.0 0.0 0.0 0.0 0.0 0.0 0.0 0.0 0.0 0.0 0.0 0.0 0.0 0.0 0.0 0.0 0.0 0.0 0.0 0.0 0.0 0.0 0.0 0.0 0.0 0.0 0.0 0.0 0.0 0.0 0.0 0.0 0.0 0.0 0.0 0.0 0.0 0.0 0.0 0.0 0.0 0.0 0.0 0.0 0.0 0.0 0.0 
6 0.3658 0.0 0.0 0.66140414651 0.0 0.0 0.0 0.0 0.0 0.0 0.0 0.0 0.0 0.0 0.0 0.0 0.0 0.0 0.0 0.0 0.0 0.0 0.0 0.0 0.0 0.0 0.0 0.0 0.0 0.0 0.0 0.0 0.0 0.0 0.0 0.0 0.0 0.0 0.0 0.0 0.0 0.0 0.0 0.0 0.0 0.0 0.0 0.0 0.0 0.0 0.0 0.0 0.0 0.0 0.0 0.0 0.0 0.0 0.0 0.0 0.0 0.0 0.0 0.0 0.0 0.0 0.0 0.0 0.0 0.0 0.0 0.0 0.0 0.0 0.0 0.0 0.0 0.0 0.0 0.0 0.0 0.0 0.0 0.0 0.0 0.0 0.0 0.0 
