897

0 5.01634 0.0 0.0 0.0 6.43541077434 
0 5.01634 0.0 0.0 1.32280829302 6.43541077434 
0 1.743062 0.0 0.0 0.0 25.2711118067 
0 1.743062 0.0 0.0 1.32280829302 25.2711118067 
0 3.379701 0.0 0.0 0.0 10.7957559928 
0 3.379701 0.0 0.0 1.32280829302 10.7957559928 
0 39.8392 0.0 0.0 0.0 0.392878265061 
0 39.8392 0.0 0.0 1.32280829302 0.392878265061 
0 102.7966 0.0 0.0 0.0 0.105789428068 
0 102.7966 0.0 0.0 1.32280829302 0.105789428068 
0 71.3179 0.0 0.0 0.0 0.175954204673 
0 71.3179 0.0 0.0 1.32280829302 0.175954204673 
0 284.298 0.0 0.0 0.0 0.0251243264436 
0 284.298 0.0 0.0 1.32280829302 0.0251243264436 
0 0.216376 0.0 0.0 0.0 300.086815249 
0 0.216376 0.0 0.0 1.32280829302 300.086815249 
0 22.42777 0.0 0.0 0.0 0.861814175692 
0 22.42777 0.0 0.0 1.32280829302 0.861814175692 
0 193.5473 0.0 0.0 0.0 0.0434338512841 
0 193.5473 0.0 0.0 1.32280829302 0.0434338512841 
0 0.216376 0.0 0.0 0.66140414651 307.346318574 
0 1.743062 0.0 0.0 0.66140414651 26.8736369355 
0 0.08026 0.0 0.0 0.0 876.098146407 
0 0.08026 0.0 0.0 1.32280829302 876.098146407 
0 0.148318 0.0 0.0 0.0 453.978184445 
0 0.148318 0.0 0.0 1.32280829302 453.978184445 
0 0.08026 0.0 0.0 0.66140414651 885.131724285 
0 162.0686 0.0 0.0 0.0 0.0558277953533 
0 162.0686 0.0 0.0 1.32280829302 0.0558277953533 
0 0.148318 0.0 0.0 0.964899631907 460.297556827 
0 0.148318 0.0 0.0 0.357908661113 460.297556827 
0 0.979719 0.0 0.0 0.0 51.7952372122 
0 0.979719 0.0 0.0 1.32280829302 51.7952372122 
0 0.979719 0.0 0.0 1.17673377206 53.0063964615 
0 0.979719 0.0 0.0 0.146074520965 53.0063964615 
0 102.7966 0.0 0.0 0.0 0.105789428068 
0 102.7966 0.0 0.0 1.32280829302 0.105789428068 
0 71.3179 0.0 0.0 0.0 0.175954204673 
0 71.3179 0.0 0.0 1.32280829302 0.175954204673 
0 53.90647 0.0 0.0 0.0 0.259129200182 
0 53.90647 0.0 0.0 1.32280829302 0.259129200182 
0 3.379701 0.0 0.0 0.981692781789 11.2005914401 
0 3.379701 0.0 0.0 0.341115511231 11.2005914401 
0 20.791131 0.0 0.0 0.0 0.955418644831 
0 20.791131 0.0 0.0 1.32280829302 0.955418644831 
0 193.5473 0.0 0.0 0.0 0.0434338512841 
0 193.5473 0.0 0.0 1.32280829302 0.0434338512841 
0 2.616358 0.0 0.0 0.0 15.0404286996 
0 2.616358 0.0 0.0 1.32280829302 15.0404286996 
0 10.53291 0.0 0.0 0.0 2.39643986107 
0 10.53291 0.0 0.0 1.32280829302 2.39643986107 
0 2.616358 0.0 0.0 1.26810936283 15.2012069965 
0 2.616358 0.0 0.0 0.0546989301943 15.2012069965 
0 0.911661 0.0 0.0 0.0 56.5549952948 
0 0.911661 0.0 0.0 1.32280829302 56.5549952948 
0 0.911661 0.0 0.0 1.26458018323 57.103651311 
0 0.911661 0.0 0.0 0.0582281097896 57.103651311 
0 574.466 0.0 0.0 0.0 0.00911557685196 
0 574.466 0.0 0.0 1.32280829302 0.00911557685196 
0 27.94434 0.0 0.0 0.0 0.63851036372 
0 27.94434 0.0 0.0 1.32280829302 0.63851036372 
0 102.7966 0.0 0.0 0.0 0.105789428068 
0 102.7966 0.0 0.0 1.32280829302 0.105789428068 
0 144.65717 0.0 0.0 0.0 0.0655267308132 
0 144.65717 0.0 0.0 1.32280829302 0.0655267308132 
0 53.90647 0.0 0.0 0.0 0.259129200182 
0 53.90647 0.0 0.0 1.32280829302 0.259129200182 
0 52.269831 0.0 0.0 0.0 0.270386146412 
0 52.269831 0.0 0.0 1.32280829302 0.270386146412 
0 5.01634 0.0 0.0 0.66140414651 6.50855330941 
0 483.7153 0.0 0.0 0.0 0.0116956502593 
0 483.7153 0.0 0.0 1.32280829302 0.0116956502593 
0 2.5483 0.0 0.0 0.0 15.559872327 
0 2.5483 0.0 0.0 1.32280829302 15.559872327 
0 8.896271 0.0 0.0 0.0 3.00559195079 
0 8.896271 0.0 0.0 1.32280829302 3.00559195079 
0 59.42304 0.0 0.0 0.0 0.226511514758 
0 59.42304 0.0 0.0 1.32280829302 0.226511514758 
0 2.5483 0.0 0.0 1.30197703422 15.6260091914 
0 2.5483 0.0 0.0 0.0208312587995 15.6260091914 
0 864.634 0.0 0.0 0.0 0.00502318660438 
0 864.634 0.0 0.0 1.32280829302 0.00502318660438 
0 452.2366 0.0 0.0 0.0 0.0128908377479 
0 452.2366 0.0 0.0 1.32280829302 0.0128908377479 
0 143.020531 0.0 0.0 0.0 0.0665845117994 
0 143.020531 0.0 0.0 1.32280829302 0.0665845117994 
0 52.269831 0.0 0.0 0.0 0.270386146412 
0 52.269831 0.0 0.0 1.32280829302 0.270386146412 
0 150.17374 0.0 0.0 0.0 0.0621626976907 
0 150.17374 0.0 0.0 1.32280829302 0.0621626976907 
0 483.7153 0.0 0.0 0.0 0.0116956502593 
0 483.7153 0.0 0.0 1.32280829302 0.0116956502593 
0 20.791131 0.0 0.0 1.26735828242 0.959015300535 
0 20.791131 0.0 0.0 0.0554500106042 0.959015300535 
0 59.42304 0.0 0.0 0.0 0.226511514758 
0 59.42304 0.0 0.0 1.32280829302 0.226511514758 
0 20.027788 0.0 0.0 0.0 1.00526538863 
0 20.027788 0.0 0.0 1.32280829302 1.00526538863 
0 16.04948 0.0 0.0 0.0 1.35760119236 
0 16.04948 0.0 0.0 1.32280829302 1.35760119236 
0 20.027788 0.0 0.0 1.31566262203 1.00638449922 
0 20.027788 0.0 0.0 0.007145670985 1.00638449922 
0 1655.409 0.0 0.0 0.0 0.00193364231381 
0 1655.409 0.0 0.0 1.32280829302 0.00193364231381 
0 52.269831 0.0 0.0 1.30075219656 0.27073900758 
0 52.269831 0.0 0.0 0.0220560964589 0.27073900758 
0 434.82517 0.0 0.0 0.0 0.0136429596667 
0 434.82517 0.0 0.0 1.32280829302 0.0136429596667 
0 8.896271 0.0 0.0 1.19321821709 3.0382214148 
0 8.896271 0.0 0.0 0.129590075935 3.0382214148 
0 51.506488 0.0 0.0 0.0 0.275926506601 
0 51.506488 0.0 0.0 1.32280829302 0.275926506601 
0 19.95973 0.0 0.0 0.0 1.00992714814 
0 19.95973 0.0 0.0 1.32280829302 1.00992714814 
0 8.132928 0.0 0.0 0.0 3.38867024111 
0 8.132928 0.0 0.0 1.32280829302 3.38867024111 
0 19.95973 0.0 0.0 1.32014872314 1.01036708854 
0 19.95973 0.0 0.0 0.00265956988391 1.01036708854 
0 51.506488 0.0 0.0 1.32002976959 0.276032649455 
0 51.506488 0.0 0.0 0.00277852342806 0.276032649455 
0 8.132928 0.0 0.0 1.30521168038 3.399157822 
0 8.132928 0.0 0.0 0.0175966126351 3.399157822 
0 1945.577 0.0 0.0 0.0 0.00152312285122 
0 1945.577 0.0 0.0 1.32280829302 0.00152312285122 
0 1564.6583 0.0 0.0 0.0 0.00210140707174 
0 1564.6583 0.0 0.0 1.32280829302 0.00210140707174 
0 143.020531 0.0 0.0 1.31474743332 0.0666188484694 
0 143.020531 0.0 0.0 0.0080608596987 0.0666188484694 
0 52.269831 0.0 0.0 1.30075219656 0.27073900758 
0 52.269831 0.0 0.0 0.0220560964589 0.27073900758 
0 142.257188 0.0 0.0 0.0 0.0670878065513 
0 142.257188 0.0 0.0 1.32280829302 0.0670878065513 
0 51.506488 0.0 0.0 0.0 0.275926506601 
0 51.506488 0.0 0.0 1.32280829302 0.275926506601 
0 51.43843 0.0 0.0 0.0 0.276429912232 
0 51.43843 0.0 0.0 1.32280829302 0.276429912232 
0 433.188531 0.0 0.0 0.0 0.0137174360584 
0 433.188531 0.0 0.0 1.32280829302 0.0137174360584 
0 440.34174 0.0 0.0 0.0 0.0133968538612 
0 440.34174 0.0 0.0 1.32280829302 0.0133968538612 
0 8.06487 0.0 0.0 0.0 3.4269185777 
0 8.06487 0.0 0.0 1.32280829302 3.4269185777 
0 51.43843 0.0 0.0 1.32177629619 0.27647144101 
0 51.43843 0.0 0.0 0.00103199683192 0.27647144101 
0 142.257188 0.0 0.0 1.32180228422 0.067096292156 
0 142.257188 0.0 0.0 0.00100600880432 0.067096292156 
0 8.06487 0.0 0.0 1.31622612904 3.43108087388 
0 8.06487 0.0 0.0 0.00658216397771 3.43108087388 
0 51.506488 0.0 0.0 1.32002976959 0.276032649455 
0 51.506488 0.0 0.0 0.00277852342806 0.276032649455 
0 1533.1796 0.0 0.0 0.0 0.0021653570451 
0 1533.1796 0.0 0.0 1.32280829302 0.0021653570451 
0 22.42777 0.0 0.0 1.17487436663 0.849735544527 
0 22.42777 0.0 0.0 0.147933926391 0.849735544527 
0 1564.6583 0.0 0.0 0.0 0.00210140707174 
0 1564.6583 0.0 0.0 1.32280829302 0.00210140707174 
0 3026.52 0.0 0.0 0.0 0.000791284774805 
0 3026.52 0.0 0.0 1.32280829302 0.000791284774805 
0 10.53291 0.0 0.0 1.00781195523 2.35190473245 
0 10.53291 0.0 0.0 0.314996337793 2.35190473245 
0 142.18913 0.0 0.0 0.0 0.0671329920996 
0 142.18913 0.0 0.0 1.32280829302 0.0671329920996 
0 51.43843 0.0 0.0 0.0 0.276429912232 
0 51.43843 0.0 0.0 1.32280829302 0.276429912232 
0 142.18913 0.0 0.0 1.32243495719 0.0671362817733 
0 142.18913 0.0 0.0 0.000373335829531 0.0671362817733 
0 51.43843 0.0 0.0 1.32177629619 0.27647144101 
0 51.43843 0.0 0.0 0.00103199683192 0.27647144101 
0 53.90647 0.0 0.0 1.26126042917 0.257518485098 
0 53.90647 0.0 0.0 0.061547863852 0.257518485098 
0 1515.76817 0.0 0.0 0.0 0.00220213841946 
0 1515.76817 0.0 0.0 1.32280829302 0.00220213841946 
0 6747.519 0.0 0.0 0.0 0.00023981653671 
0 6747.519 0.0 0.0 1.32280829302 0.00023981653671 
0 433.188531 0.0 0.0 1.32014693809 0.0137203865066 
0 433.188531 0.0 0.0 0.00266135493422 0.0137203865066 
0 432.425188 0.0 0.0 0.0 0.0137524061302 
0 432.425188 0.0 0.0 1.32280829302 0.0137524061302 
0 7037.687 0.0 0.0 0.0 0.000225211165516 
0 7037.687 0.0 0.0 1.32280829302 0.000225211165516 
0 432.425188 0.0 0.0 1.32247734101 0.0137529457591 
0 432.425188 0.0 0.0 0.000330952006443 0.0137529457591 
0 53.90647 0.0 0.0 1.26126042917 0.257518485098 
0 53.90647 0.0 0.0 0.061547863852 0.257518485098 
0 144.65717 0.0 0.0 1.29987249194 0.0654280120546 
0 144.65717 0.0 0.0 0.0229358010827 0.0654280120546 
0 1514.131531 0.0 0.0 0.0 0.00220564939914 
0 1514.131531 0.0 0.0 1.32280829302 0.00220564939914 
0 1521.28474 0.0 0.0 0.0 0.00219037252978 
0 1521.28474 0.0 0.0 1.32280829302 0.00219037252978 
0 6656.7683 0.0 0.0 0.0 0.000244711392679 
0 6656.7683 0.0 0.0 1.32280829302 0.000244711392679 
0 432.35713 0.0 0.0 0.0 0.013755531248 
0 432.35713 0.0 0.0 1.32280829302 0.013755531248 
0 8118.63 0.0 0.0 0.0 0.000181948459966 
0 8118.63 0.0 0.0 1.32280829302 0.000181948459966 
0 432.35713 0.0 0.0 1.3226855142 0.0137557371802 
0 432.35713 0.0 0.0 0.000122778816667 0.0137557371802 
0 6625.2896 0.0 0.0 0.0 0.000246448306876 
0 6625.2896 0.0 0.0 1.32280829302 0.000246448306876 
0 6656.7683 0.0 0.0 0.0 0.000244711392679 
0 6656.7683 0.0 0.0 1.32280829302 0.000244711392679 
0 13210.74 0.0 0.0 0.0 8.78867329111e-05 
0 13210.74 0.0 0.0 1.32280829302 8.78867329111e-05 
0 1514.131531 0.0 0.0 1.32204688728 0.00220581484928 
0 1514.131531 0.0 0.0 0.000761405737098 0.00220581484928 
0 1513.368188 0.0 0.0 0.0 0.00220729014896 
0 1513.368188 0.0 0.0 1.32280829302 0.00220729014896 
0 6607.87817 0.0 0.0 0.0 0.000247417873409 
0 6607.87817 0.0 0.0 1.32280829302 0.000247417873409 
0 434.82517 0.0 0.0 1.31517803538 0.0136430028518 
0 434.82517 0.0 0.0 0.00763025764195 0.0136430028518 
0 1513.368188 0.0 0.0 1.32271372781 0.00220731426751 
0 1513.368188 0.0 0.0 9.45652120482e-05 0.00220731426751 
0 1513.30013 0.0 0.0 0.0 0.00220743653359 
0 1513.30013 0.0 0.0 1.32280829302 0.00220743653359 
0 6606.241531 0.0 0.0 0.0 0.000247509337618 
0 6606.241531 0.0 0.0 1.32280829302 0.000247509337618 
0 6613.39474 0.0 0.0 0.0 0.000247109992432 
0 6613.39474 0.0 0.0 1.32280829302 0.000247109992432 
0 1513.30013 0.0 0.0 1.32277321452 0.00220744559846 
0 1513.30013 0.0 0.0 3.50784988031e-05 0.00220744559846 
0 44008.649 0.0 0.0 0.0 1.4500433176e-05 
0 44008.649 0.0 0.0 1.32280829302 1.4500433176e-05 
0 44298.817 0.0 0.0 0.0 1.43583295334e-05 
0 44298.817 0.0 0.0 1.32280829302 1.43583295334e-05 
0 43917.8983 0.0 0.0 0.0 1.45453582356e-05 
0 43917.8983 0.0 0.0 1.32280829302 1.45453582356e-05 
0 45379.76 0.0 0.0 0.0 1.38488453068e-05 
0 45379.76 0.0 0.0 1.32280829302 1.38488453068e-05 
0 43886.4196 0.0 0.0 0.0 1.45609956099e-05 
0 43886.4196 0.0 0.0 1.32280829302 1.45609956099e-05 
0 1515.76817 0.0 0.0 1.32061941734 0.00220243760314 
0 1515.76817 0.0 0.0 0.00218887567503 0.00220243760314 
0 16.04948 0.0 0.0 0.66140414651 1.21145595467 
0 43917.8983 0.0 0.0 0.0 1.45453582356e-05 
0 43917.8983 0.0 0.0 1.32280829302 1.45453582356e-05 
0 50471.87 0.0 0.0 0.0 1.18084792754e-05 
0 50471.87 0.0 0.0 1.32280829302 1.18084792754e-05 
0 6606.241531 0.0 0.0 1.32263378102 0.000247514058198 
0 6606.241531 0.0 0.0 0.000174512001872 0.000247514058198 
0 6605.478188 0.0 0.0 0.0 0.000247552016619 
0 6605.478188 0.0 0.0 1.32280829302 0.000247552016619 
0 6605.478188 0.0 0.0 1.32278662737 0.000247552631273 
0 6605.478188 0.0 0.0 2.16656507723e-05 0.000247552631273 
0 43869.00817 0.0 0.0 0.0 1.45696569596e-05 
0 43869.00817 0.0 0.0 1.32280829302 1.45696569596e-05 
0 6605.41013 0.0 0.0 0.0 0.000247555822381 
0 6605.41013 0.0 0.0 1.32280829302 0.000247555822381 
0 6605.41013 0.0 0.0 1.32280025653 0.000247556051322 
0 6605.41013 0.0 0.0 8.03648762971e-06 0.000247556051322 
0 87733.0 0.0 0.0 0.0 5.15536148303e-06 
0 87733.0 0.0 0.0 1.32280829302 5.15536148303e-06 
0 43867.371531 0.0 0.0 0.0 1.45704715504e-05 
0 43867.371531 0.0 0.0 1.32280829302 1.45704715504e-05 
0 43874.52474 0.0 0.0 0.0 1.4566911802e-05 
0 43874.52474 0.0 0.0 1.32280829302 1.4566911802e-05 
0 27.94434 0.0 0.0 0.942939145231 0.561939168644 
0 27.94434 0.0 0.0 0.379869147789 0.561939168644 
0 6607.87817 0.0 0.0 1.32230619114 0.000247430035838 
0 6607.87817 0.0 0.0 0.000502101883683 0.000247430035838 
0 43867.371531 0.0 0.0 1.32278201225 1.45705149808e-05 
0 43867.371531 0.0 0.0 2.62807730253e-05 1.45705149808e-05 
0 43866.608188 0.0 0.0 0.0 1.45708515087e-05 
0 43866.608188 0.0 0.0 1.32280829302 1.45708515087e-05 
0 43866.608188 0.0 0.0 1.32280503058 1.45708569461e-05 
0 43866.608188 0.0 0.0 3.26243558636e-06 1.45708569461e-05 
0 43866.54013 0.0 0.0 0.0 1.45708853858e-05 
0 43866.54013 0.0 0.0 1.32280829302 1.45708853858e-05 
0 43866.54013 0.0 0.0 1.32280708289 1.45708874042e-05 
0 43866.54013 0.0 0.0 1.21013183719e-06 1.45708874042e-05 
0 59.42304 0.0 0.0 1.14417063629 0.208300015243 
0 59.42304 0.0 0.0 0.178637656729 0.208300015243 
0 59.42304 0.0 0.0 1.14417063629 0.208300015243 
0 59.42304 0.0 0.0 0.178637656729 0.208300015243 
0 43869.00817 0.0 0.0 1.32273266268 1.45697796538e-05 
0 43869.00817 0.0 0.0 7.56303416628e-05 1.45697796538e-05 
0 150.17374 0.0 0.0 1.25212221554 0.0602273161202 
0 150.17374 0.0 0.0 0.0706860774815 0.0602273161202 
0 39.8392 0.0 0.0 0.66140414651 0.314496888941 
0 440.34174 0.0 0.0 1.29870157849 0.0133130382655 
0 440.34174 0.0 0.0 0.0241067145289 0.0133130382655 
0 1521.28474 0.0 0.0 1.31583051145 0.00218946048839 
0 1521.28474 0.0 0.0 0.00697778156989 0.00218946048839 
0 6613.39474 0.0 0.0 1.32120318807 0.00024713362633 
0 6613.39474 0.0 0.0 0.00160510494816 0.00024713362633 
0 71.3179 0.0 0.0 0.953338467441 0.140476676519 
0 71.3179 0.0 0.0 0.369469825579 0.140476676519 
0 43874.52474 0.0 0.0 1.32256634869 1.45672796352e-05 
0 43874.52474 0.0 0.0 0.000241944332941 1.45672796352e-05 
0 71.3179 0.0 0.0 0.953338467441 0.140476676519 
0 71.3179 0.0 0.0 0.369469825579 0.140476676519 
0 162.0686 0.0 0.0 1.1602239795 0.0484669243294 
0 162.0686 0.0 0.0 0.162584313517 0.0484669243294 
1 5.929041 0.0 0.0 0.194444334999 5.25446523495 1.53221636065e-18 -1.01781230649e-16 0.0231225449238 
1 2.760141 0.0 0.0 0.417684616266 14.6955973139 9.87419276382e-18 -3.05238864155e-16 0.530501462886 
1 5.165698 0.0 0.0 0.0277042877081 6.22309424537 4.12971730209e-17 -1.51807122583e-16 1.06865883469 
1 0.344605 0.0 0.0 0.415292823973 183.20620032 -3.15669295988e-16 -1.35871197663e-15 7.0492519977 
1 1.996798 0.0 0.0 0.071670736652 21.5597887653 5.86338652976e-17 -4.02264371714e-16 3.80799069658 
1 1.107948 0.0 0.0 1.0405438111 46.3850430594 -1.41569723267e-16 -9.38122189497e-16 -4.8342115569 
1 4.39678 0.0 0.0 0.754604068501 7.82958205571 1.71202449204e-17 -2.45017044575e-16 0.122649203932 
1 0.276547 0.0 0.0 0.191953978162 231.51642598 -3.89067819239e-16 -1.39086257138e-15 14.3535767314 
1 1.594183 0.0 0.0 0.723171953549 30.0857153465 -3.97970399718e-17 -6.56636435726e-16 -0.478815900406 
1 0.201546 0.0 0.0 0.710071068665 331.956614243 -6.51184765636e-16 -1.57464276697e-15 -1.68316561135 
1 2.744587 0.0 0.0 1.20886241766 14.4291668079 -1.38608821276e-16 -5.9320082457e-16 -2.12838651141 
1 15.057931 0.0 0.0 0.0765622072796 1.48829241527 1.33471535047e-17 -3.30791963968e-17 -0.0359626222977 
1 5.09764 0.0 0.0 0.010413504445 6.3132229269 4.57418728407e-17 -1.57171273718e-16 1.19708020756 
1 0.133488 0.0 0.0 0.397670927716 515.730755632 -8.54651408536e-16 -1.62881612522e-15 10.0163280239 
1 1.92874 0.0 0.0 0.0275227852375 22.3483876911 6.50530922465e-17 -4.13489665202e-16 4.35789441176 
1 0.83084 0.0 0.0 0.172249751583 64.9118359987 -6.43513253171e-18 -8.48312926822e-16 8.05234091936 
1 14.294588 0.0 0.0 0.0100116200345 1.59046948799 2.79229577312e-17 -4.74646882189e-17 0.238307374607 
1 7.56568 0.0 0.0 0.438536665085 3.68263160835 -1.62920896735e-17 -5.99911886207e-17 -0.427418379212 
1 3.230822 0.0 0.0 1.02693001233 11.8684928181 -5.97651155653e-17 -4.67604917617e-16 -0.623100887658 
1 0.964889 0.0 0.0 1.19481975069 53.8616783159 -1.93119396934e-16 -1.02350105842e-15 -7.68106955624 
1 0.074939 0.0 0.0 0.708366762285 950.977872138 -1.21815114222e-15 -1.72601213209e-15 -1.97674628914 
1 0.762782 0.0 0.0 0.0695930118945 70.933088408 -8.32756715026e-18 -8.64335819115e-16 10.2461138715 
1 0.142997 0.0 0.0 1.00080409802 478.270313662 -8.92553014721e-16 -1.65087043549e-15 -12.6603289248 
1 2.601528 0.0 0.0 1.2753382152 15.2929178383 -1.64685246225e-16 -6.28470777598e-16 -2.81055059873 
1 14.22653 0.0 0.0 0.00373135942488 1.59917533876 2.92977406805e-17 -4.8863950076e-17 0.266015068736 
1 20.156017 0.0 0.0 1.30729261012 0.99875884188 -1.47144098085e-16 -9.30055926985e-17 -0.112955824574 
1 46.313531 0.0 0.0 0.0248926913913 0.319896232016 1.18710118419e-17 -8.29479356695e-18 -0.00999212181228 
1 0.90634 0.0 0.0 1.27200436307 57.4432232325 -2.18223333415e-16 -1.05409216708e-15 -9.17947981263 
1 16.69457 0.0 0.0 0.198736959161 1.26537856009 -9.16616424724e-18 -1.22745805759e-17 -0.351735052841 
1 45.550188 0.0 0.0 0.00314185275383 0.326955000073 1.40728447042e-17 -1.02661180521e-17 0.0421304583428 
1 20.642252 0.0 0.0 1.27649890495 0.96858415216 -1.23605781154e-16 -8.69316719794e-17 -0.00314176648429 
1 21.80821 0.0 0.0 1.20825194152 0.891355073835 -6.95263119315e-17 -7.34999265523e-17 0.196230873514 
1 2.542979 0.0 0.0 1.30470132719 15.6596360347 -1.75260801179e-16 -6.41962917883e-16 -3.12481909977 
1 51.634717 0.0 0.0 1.31675162444 0.275190530076 -8.16914965508e-17 -2.36451777514e-17 -0.027604956184 
1 8.261157 0.0 0.0 1.28495229195 3.33864464927 -1.70767711897e-16 -2.55136907246e-16 -0.433772207551 
1 45.48213 0.0 0.0 0.00116714623521 0.327540265706 1.42680764566e-17 -1.04482311415e-17 0.04696877003 
1 20.012958 0.0 0.0 1.31663755421 1.00725624339 -1.53970546505e-16 -9.48222878654e-17 -0.147586137036 
1 9.91335 0.0 0.0 1.07079772441 2.58995555303 -6.52615796744e-18 -1.64843159224e-16 0.412874426894 
1 52.120952 0.0 0.0 1.30446768292 0.271822553729 -7.61582120954e-17 -2.27114959062e-17 6.49889296696e-06 
1 8.747392 0.0 0.0 1.21352657127 3.10810832448 -1.13653766065e-16 -2.26907218688e-16 -0.0575653557856 
1 53.28691 0.0 0.0 1.2759249408 0.262769589231 -6.26446317776e-17 -2.06815098059e-17 0.0594170049557 
1 142.385417 0.0 0.0 1.32061189977 0.067019783437 -2.94101079447e-17 -4.05063937383e-18 -0.00644296353961 
1 51.634717 0.0 0.0 1.31675162444 0.275190530076 -8.16914965508e-17 -2.36451777514e-17 -0.027604956184 
1 51.491658 0.0 0.0 1.32040994848 0.276128749878 -8.32940433616e-17 -2.3929171804e-17 -0.0359545531704 
1 8.118098 0.0 0.0 1.30759601834 3.40612736178 -1.87655988728e-16 -2.63271528835e-16 -0.564512558632 
1 142.871652 0.0 0.0 1.31611746216 0.0667160670053 -2.86405440099e-17 -3.95138610606e-18 -0.001174755509 
1 52.120952 0.0 0.0 1.30446768292 0.271822553729 -7.61582120954e-17 -2.27114959062e-17 6.49889296696e-06 
1 47.95017 0.0 0.0 0.0691932494985 0.302355753734 7.25697041189e-18 -4.59933190646e-18 -0.10155621951 
1 53.28691 0.0 0.0 1.2759249408 0.262769589231 -6.26446317776e-17 -2.06815098059e-17 0.0594170049557 
1 194.725531 0.0 0.0 0.00592047908923 0.0430791849678 3.31188363056e-18 -1.10218200192e-18 0.000227198335484 
1 144.03761 0.0 0.0 1.30546373301 0.0659041289195 -2.67562706193e-17 -3.7329974774e-18 0.010994008025 
1 19.954409 0.0 0.0 1.32050075117 1.01067649699 -1.56738831262e-16 -9.55679805168e-17 -0.162011617198 
1 193.962188 0.0 0.0 0.000737834446399 0.0433061727812 3.42319058894e-18 -1.19600261172e-18 0.00499230947166 
1 142.242358 0.0 0.0 1.32194009357 0.0671050425983 -2.96342984515e-17 -4.08075908281e-18 -0.00800882232761 
1 51.491658 0.0 0.0 1.32040994848 0.276128749878 -8.32940433616e-17 -2.3929171804e-17 -0.0359545531704 
1 51.433109 0.0 0.0 1.32191304024 0.276505505624 -8.39458340559e-17 -2.40465790646e-17 -0.0393959681451 
1 8.059549 0.0 0.0 1.31709511554 3.43356968207 -1.94472941213e-16 -2.66543231135e-16 -0.620390245177 
1 13.08225 0.0 0.0 0.811419489868 1.6557251308 4.76605183186e-17 -6.71176389623e-17 0.253540374494 
1 193.89413 0.0 0.0 0.000273779803436 0.0433253013475 3.43296735114e-18 -1.20446059548e-18 0.00542136986659 
1 432.553417 0.0 0.0 1.32208529707 0.013747636568 -7.16629138336e-18 -4.65895000205e-19 -0.00138173690781 
1 142.183809 0.0 0.0 1.32248444719 0.0671393901633 -2.97257386397e-17 -4.09320611495e-18 -0.00865144293371 
1 433.039652 0.0 0.0 1.3206008045 0.0137269159967 -7.1009196301e-18 -4.58686713696e-19 -0.000719826293031 
1 51.433109 0.0 0.0 1.32191304024 0.276505505624 -8.39458340559e-17 -2.40465790646e-17 -0.0393959681451 
1 24.97711 0.0 0.0 1.05495840286 0.694556984176 2.06406101927e-17 -4.71799495661e-17 0.313975480023 
1 434.20561 0.0 0.0 1.31705463873 0.0136734916421 -6.94253426444e-18 -4.42298745549e-19 0.00084928212258 
1 432.410358 0.0 0.0 1.32252269686 0.013753555581 -7.18544344532e-18 -4.68057855555e-19 -0.00157715417895 
1 196.36217 0.0 0.0 0.0168964728609 0.042519214976 3.06430833739e-18 -9.0805452786e-19 -0.00956164459931 
1 56.45581 0.0 0.0 1.20430647416 0.234404691164 -2.87539936162e-17 -1.65938023222e-17 0.153656061723 
1 1513.496417 0.0 0.0 1.32260166262 0.00220706577652 -1.21607643752e-18 -3.69823488057e-20 -0.000237054884444 
1 432.351809 0.0 0.0 1.32270179264 0.0137559546485 -7.19327075547e-18 -4.68948553487e-19 -0.0016572106539 
1 1513.982652 0.0 0.0 1.32217689209 0.00220611108883 -1.21276522941e-18 -3.66450455624e-20 -0.00018908747748 
1 56.45581 0.0 0.0 1.20430647416 0.234404691164 -2.87539936162e-17 -1.65938023222e-17 0.153656061723 
1 1515.14861 0.0 0.0 1.32115943234 0.0022037420208 -1.20479912301e-18 -3.58548463112e-20 -7.44163908663e-05 
1 1513.353358 0.0 0.0 1.32272668965 0.00220734291774 -1.21704940819e-18 -3.70824612321e-20 -0.000251181956417 
1 147.20651 0.0 0.0 1.27736114418 0.0631977803858 -2.15175845318e-17 -3.27372782074e-18 0.0388361577385 
1 22.21114 0.0 0.0 0.477922007665 0.765585164908 -1.26573469722e-17 -4.5683546496e-18 -0.177428740661 
1 1513.294809 0.0 0.0 1.32277786562 0.00220745585008 -1.21744744599e-18 -3.71235480732e-20 -0.000256965419077 
1 6605.606417 0.0 0.0 1.32276094924 0.000247546179039 -1.37933779186e-19 -2.25179400921e-21 -2.77408850434e-05 
1 6606.092652 0.0 0.0 1.32266358871 0.000247521612092 -1.37845837977e-19 -2.24311895664e-21 -2.60626390192e-05 
1 437.37451 0.0 0.0 1.30751221148 0.0135029675181 -6.50263180985e-18 -4.04055096076e-19 0.00491768569294 
1 6607.25861 0.0 0.0 1.32243018326 0.000247462054597 -1.37634812788e-19 -2.22245984003e-21 -2.20409931553e-05 
1 6605.463358 0.0 0.0 1.32278959717 0.000247553376776 -1.37959646086e-19 -2.25435305245e-21 -2.82347706088e-05 
1 6605.404809 0.0 0.0 1.32280132212 0.000247556318582 -1.3797023158e-19 -2.2554012556e-21 -2.84369152462e-05 
1 1518.31751 0.0 0.0 1.3184020235 0.00219674172512 -1.1829740181e-18 -3.38394424665e-20 0.000233843565785 
1 43866.736417 0.0 0.0 1.32280116383 1.4570799546e-05 -8.12619910133e-21 -9.77391084923e-23 -1.65993954176e-06 
1 53.46674 0.0 0.0 0.198538243052 0.239292854553 -3.64515532559e-18 2.00662997779e-18 -0.176044278013 
1 43867.222652 0.0 0.0 1.32278650158 1.4570581726e-05 -8.12541357007e-21 -9.76623656314e-23 -1.64198208842e-06 
1 34.106 0.0 0.0 0.772585822836 0.399706386366 1.95096931063e-17 -1.50637090233e-17 0.0603992317385 
1 43868.38861 0.0 0.0 1.32275134384 1.45700583596e-05 -8.12352974315e-21 -9.74785612984e-23 -1.59892551023e-06 
1 43866.593358 0.0 0.0 1.32280547779 1.45708635835e-05 -8.12643021034e-21 -9.77616978798e-23 -1.66522313271e-06 
1 6610.42751 0.0 0.0 1.32179623803 0.000247295580866 -1.37060238252e-19 -2.167330441e-21 -1.11335722442e-05 
1 43866.534809 0.0 0.0 1.32280724334 1.45708897853e-05 -8.12652479401e-21 -9.77709442655e-23 -1.66738554441e-06 
1 201.87874 0.0 0.0 0.0525820233539 0.0400531471049 2.18347902259e-18 -3.37615061726e-19 -0.0350298518186 
1 43871.55751 0.0 0.0 1.32265579977 1.45686284499e-05 -8.11840852298e-21 -9.69805752781e-23 -1.48193625055e-06 
1 65.5847 0.0 0.0 1.03667619867 0.166498880057 1.43866216678e-17 -1.07621769329e-17 0.105613186096 
1 65.5847 0.0 0.0 1.03667619867 0.166498880057 1.43866216678e-17 -1.07621769329e-17 0.105613186096 
1 156.3354 0.0 0.0 1.2027722195 0.0538021189268 -8.19114246537e-18 -2.7362447075e-18 0.0651991531666 
1 65.3616 0.0 0.0 0.403139030771 0.157731345917 -5.71097784056e-18 1.5490792011e-18 -0.0613998686593 
1 446.5034 0.0 0.0 1.28077974952 0.0128462343168 -5.20489458617e-18 -3.40561857499e-19 0.0139243113741 
1 1527.4464 0.0 0.0 1.3105225018 0.00217221234006 -1.11892962221e-18 -2.90912903463e-20 0.00107525593195 
1 6619.5564 0.0 0.0 1.31997337684 0.000246778723344 -1.35396915633e-19 -2.01680949287e-21 2.00174512798e-05 
1 7.56568 0.0 0.0 0.0 3.73193224507 4.01856815137e-17 -1.03713026884e-16 0.712999223338 
1 7.56568 0.0 0.0 1.32280829302 3.73193224507 -1.98892623511e-16 -2.83939768682e-16 -0.712999223338 
1 34.106 0.0 0.0 0.0 0.486182108811 1.78565924807e-17 -1.57897442769e-17 0.0765232823326 
1 34.106 0.0 0.0 1.32280829302 0.486182108811 -1.16010454193e-16 -4.54527983048e-17 -0.0765232823326 
1 24.97711 0.0 0.0 0.0 0.744223455404 2.19927776955e-17 -2.40943950261e-17 0.121819899463 
1 24.97711 0.0 0.0 1.32280829302 0.744223455404 -1.41116063675e-16 -7.09451991917e-17 -0.121819899463 
1 5.929041 0.0 0.0 0.0 5.15986366484 4.49051274972e-17 -1.35435464689e-16 1.01541560049 
1 5.929041 0.0 0.0 1.32280829302 5.15986366484 -1.97919836097e-16 -3.53202814052e-16 -1.01541560049 
1 16.69457 0.0 0.0 0.0 1.28701841593 2.77150261334e-17 -4.05926580069e-17 0.221909532704 
1 16.69457 0.0 0.0 1.32280829302 1.28701841593 -1.70498908919e-16 -1.20064537388e-16 -0.221909532704 
1 4.39678 0.0 0.0 0.0 7.65413599702 5.17838114703e-17 -1.85546978216e-16 1.55513731392 
1 4.39678 0.0 0.0 1.32280829302 7.65413599702 -1.92450025235e-16 -4.48453538939e-16 -1.55513731392 
1 65.5847 0.0 0.0 0.0 0.197617382595 1.05421650654e-17 -6.20873415013e-18 0.0287800606714 
1 65.5847 0.0 0.0 1.32280829302 0.197617382595 -6.77109434654e-17 -1.61603732553e-17 -0.0287800606714 
1 2.760141 0.0 0.0 0.0 14.0372449177 6.37401193365e-17 -2.95240584562e-16 2.93436166509 
1 2.760141 0.0 0.0 1.32280829302 14.0372449177 -1.82557775269e-16 -6.13766076411e-16 -2.93436166509 
1 56.45581 0.0 0.0 0.0 0.243119359153 1.20233123583e-17 -7.72695498956e-18 0.036017869797 
1 56.45581 0.0 0.0 1.32280829302 0.243119359153 -7.76912184883e-17 -2.07126711153e-17 -0.036017869797 
1 96.8403 0.0 0.0 0.0 0.114981891958 7.28136216573e-18 -3.47898158678e-18 0.0160558273445 
1 96.8403 0.0 0.0 1.32280829302 0.114981891958 -4.57452821029e-17 -8.24280022494e-18 -0.0160558273445 
1 65.3616 0.0 0.0 0.0 0.19855178148 1.05744466236e-17 -6.23985989724e-18 0.0289272395939 
1 65.3616 0.0 0.0 1.32280829302 0.19855178148 -6.79287969938e-17 -1.62529356965e-17 -0.0289272395939 
1 156.3354 0.0 0.0 0.0 0.0587375885558 4.38869895509e-18 -1.68196094897e-18 0.00783359153605 
1 156.3354 0.0 0.0 1.32280829302 0.0587375885558 -2.66208303136e-17 -3.43266403902e-18 -0.00783359153605 
1 15.057931 0.0 0.0 0.0 1.48000533409 2.92285328354e-17 -4.61731622434e-17 0.258643607601 
1 15.057931 0.0 0.0 1.32280829302 1.48000533409 -1.76811802919e-16 -1.36101103088e-16 -0.258643607601 
1 187.591 0.0 0.0 0.0 0.0454004449558 3.57139409284e-18 -1.27202924371e-18 0.00596097704268 
1 187.591 0.0 0.0 1.32280829302 0.0454004449558 -2.13521263023e-17 -2.43015760662e-18 -0.00596097704268 
1 65.5847 0.0 0.0 0.0 0.197617382595 1.05421650654e-17 -6.20873415013e-18 0.0287800606714 
1 65.5847 0.0 0.0 1.32280829302 0.197617382595 -6.77109434654e-17 -1.61603732553e-17 -0.0287800606714 
1 13.08225 0.0 0.0 0.0 1.78978589878 3.13238244038e-17 -5.4860755091e-17 0.318587720803 
1 13.08225 0.0 0.0 1.32280829302 1.78978589878 -1.84309659909e-16 -1.60452423799e-16 -0.318587720803 
1 147.20651 0.0 0.0 0.0 0.0639347563711 4.69039122945e-18 -1.84395281392e-18 0.00857281268646 
1 147.20651 0.0 0.0 1.32280829302 0.0639347563711 -2.8584665076e-17 -3.84203382957e-18 -0.00857281268646 
1 21.80821 0.0 0.0 0.0 0.895312642084 2.38824408174e-17 -2.88149419769e-17 0.149119601308 
1 21.80821 0.0 0.0 1.32280829302 0.895312642084 -1.51648366413e-16 -8.52418712284e-17 -0.149119601308 
1 56.45581 0.0 0.0 0.0 0.243119359153 1.20233123583e-17 -7.72695498956e-18 0.036017869797 
1 56.45581 0.0 0.0 1.32280829302 0.243119359153 -7.76912184883e-17 -2.07126711153e-17 -0.036017869797 
1 22.21114 0.0 0.0 0.0 0.873277798089 2.36249410173e-17 -2.81329438997e-17 0.145107672175 
1 22.21114 0.0 0.0 1.32280829302 0.873277798089 -1.50255349464e-16 -8.31873129358e-17 -0.145107672175 
1 5.929041 0.0 0.0 1.12836395802 5.25446523495 -6.87042983721e-17 -3.05891955995e-16 -0.0231225449238 
1 96.8403 0.0 0.0 0.0 0.114981891958 7.28136216573e-18 -3.47898158678e-18 0.0160558273445 
1 96.8403 0.0 0.0 1.32280829302 0.114981891958 -4.57452821029e-17 -8.24280022494e-18 -0.0160558273445 
1 47.95017 0.0 0.0 0.0 0.304510949976 1.3776023607e-17 -9.77693458552e-18 0.0459853011724 
1 47.95017 0.0 0.0 1.32280829302 0.304510949976 -8.9421321597e-17 -2.69458673918e-17 -0.0459853011724 
1 1.594183 0.0 0.0 0.0 28.287067538 6.70506651812e-17 -4.8711501408e-16 5.7075500528 
1 1.594183 0.0 0.0 1.32280829302 28.287067538 -1.86264812173e-16 -8.25535125459e-16 -5.7075500528 
1 2.760141 0.0 0.0 0.905123676754 14.6955973139 -3.74166695052e-17 -4.75858259686e-16 -0.530501462886 
1 5.165698 0.0 0.0 0.0 6.19115542443 4.79190063986e-17 -1.56844845107e-16 1.23742068538 
1 5.165698 0.0 0.0 1.32280829302 6.19115542443 -1.9581994715e-16 -3.95824523508e-16 -1.23742068538 
1 1.107948 0.0 0.0 0.0 44.5295444781 4.84748937784e-17 -6.52412661096e-16 8.25798878589 
1 1.107948 0.0 0.0 1.32280829302 44.5295444781 -2.07789101091e-16 -9.722227853e-16 -8.25798878589 
1 3.230822 0.0 0.0 0.0 11.4470608668 5.98243988887e-17 -2.532186455e-16 2.3799649723 
1 3.230822 0.0 0.0 1.32280829302 11.4470608668 -1.85357024908e-16 -5.56006382465e-16 -2.3799649723 
1 0.344605 0.0 0.0 0.0 177.943146968 -2.52119666209e-16 -1.24400166302e-15 18.0092493474 
1 0.344605 0.0 0.0 1.32280829302 177.943146968 -4.7912489841e-16 -1.42060897981e-15 -18.0092493474 
1 1.996798 0.0 0.0 0.0 21.2654718268 6.87177588076e-17 -3.99600873093e-16 4.40588926965 
1 1.996798 0.0 0.0 1.32280829302 21.2654718268 -1.81470089027e-16 -7.36985248588e-16 -4.40588926965 
1 5.165698 0.0 0.0 1.29510400531 6.22309424537 -1.79370431719e-16 -3.91289824505e-16 -1.06865883469 
1 0.344605 0.0 0.0 0.907515469047 183.20620032 -4.05032981147e-16 -1.43033769623e-15 -7.0492519977 
1 1.996798 0.0 0.0 1.25113755637 21.5597887653 -1.60278451174e-16 -7.26804038635e-16 -3.80799069658 
1 53.28691 0.0 0.0 0.0 0.263294555464 1.26271246126e-17 -8.40087228444e-18 0.0392697221456 
1 53.28691 0.0 0.0 1.32280829302 0.263294555464 -8.17451958533e-17 -2.27531321669e-17 -0.0392697221456 
1 1.107948 0.0 0.0 0.282264481917 46.3850430594 1.24233493365e-17 -7.20011826632e-16 4.8342115569 
1 2.744587 0.0 0.0 0.0 14.1400689924 6.38702791363e-17 -2.96850834342e-16 2.9561277116 
1 2.744587 0.0 0.0 1.32280829302 14.1400689924 -1.82478353495e-16 -6.15868450605e-16 -2.9561277116 
1 336.003 0.0 0.0 0.0 0.0197748607624 1.77071308186e-18 -5.1820160851e-19 0.00248779643722 
1 336.003 0.0 0.0 1.32280829302 0.0197748607624 -1.01081476211e-17 -7.77847074381e-19 -0.00248779643722 
1 9.91335 0.0 0.0 0.0 2.59967881155 3.56163621569e-17 -7.62538978375e-17 0.479807656355 
1 9.91335 0.0 0.0 1.32280829302 2.59967881155 -1.94741620349e-16 -2.17256101978e-16 -0.479807656355 
1 0.276547 0.0 0.0 0.0 228.239686683 -3.60140282638e-16 -1.337504957e-15 19.7158502855 
1 0.276547 0.0 0.0 1.32280829302 228.239686683 -5.75710475646e-16 -1.48747121674e-15 -19.7158502855 
1 245.2523 0.0 0.0 0.0 0.0310236399144 2.60623627458e-18 -8.42173488774e-19 0.00398858999147 
1 245.2523 0.0 0.0 1.32280829302 0.0310236399144 -1.52502874769e-17 -1.44769216772e-18 -0.00398858999147 
1 0.201546 0.0 0.0 0.0 324.583261833 -5.3871552136e-16 -1.45200997195e-15 21.9671107177 
1 0.201546 0.0 0.0 1.32280829302 324.583261833 -7.35685492786e-16 -1.56793742919e-15 -21.9671107177 
1 4.39678 0.0 0.0 0.568204224519 7.82958205571 5.70224299725e-18 -1.83813105981e-16 -0.122649203932 
1 0.276547 0.0 0.0 1.13085431486 231.51642598 -5.46348109978e-16 -1.50171506406e-15 -14.3535767314 
1 46.313531 0.0 0.0 0.0 0.319421953139 1.41667298585e-17 -1.02741561601e-17 0.0484369700372 
1 46.313531 0.0 0.0 1.32280829302 0.319421953139 -9.2017719745e-17 -2.84675475243e-17 -0.0484369700372 
1 1.594183 0.0 0.0 0.599636339471 30.0857153465 -1.76994053864e-17 -6.12911793878e-16 0.478815900406 
1 0.201546 0.0 0.0 0.612737224355 331.956614243 -6.36053273667e-16 -1.56557631351e-15 1.68316561135 
1 2.744587 0.0 0.0 0.113945875358 14.4291668079 4.44579493574e-17 -2.90642903381e-16 2.12838651141 
1 5.09764 0.0 0.0 0.0 6.3004241987 4.82234219872e-17 -1.59051705541e-16 1.26106184768 
1 5.09764 0.0 0.0 1.32280829302 6.3004241987 -1.95573321293e-16 -4.00046633594e-16 -1.26106184768 
1 0.83084 0.0 0.0 0.0 63.3039451137 1.3757215353e-17 -7.98557664001e-16 10.5737964476 
1 0.83084 0.0 0.0 1.32280829302 63.3039451137 -2.41126098473e-16 -1.08962687414e-15 -10.5737964476 
1 15.057931 0.0 0.0 1.24624608574 1.48829241527 -1.17856508685e-16 -1.26149032403e-16 0.0359626222977 
1 5.09764 0.0 0.0 1.31239478857 6.3132229269 -1.89525330687e-16 -3.98448687244e-16 -1.19708020756 
1 1.92874 0.0 0.0 0.0 22.2252317704 6.8815969216e-17 -4.12279562976e-16 4.59144658684 
1 1.92874 0.0 0.0 1.32280829302 22.2252317704 -1.81863635497e-16 -7.50485253222e-16 -4.59144658684 
1 14.294588 0.0 0.0 0.0 1.58787811084 2.99988967823e-17 -4.92345676708e-17 0.279388978808 
1 14.294588 0.0 0.0 1.32280829302 1.58787811084 -1.79742768197e-16 -1.44767809692e-16 -0.279388978808 
1 0.133488 0.0 0.0 0.0 508.829340206 -7.93633886247e-16 -1.56576176072e-15 24.5124145613 
1 0.133488 0.0 0.0 1.32280829302 508.829340206 -9.63306120449e-16 -1.64573850123e-15 -24.5124145613 
1 446.5034 0.0 0.0 0.0 0.0131306544582 1.23228918674e-18 -3.34172099524e-19 0.00162424946205 
1 446.5034 0.0 0.0 1.32280829302 0.0131306544582 -6.88757035494e-18 -4.39908301786e-19 -0.00162424946205 
1 53.46674 0.0 0.0 0.0 0.262073793305 1.25914152545e-17 -8.3600947381e-18 0.0390722681273 
1 53.46674 0.0 0.0 1.32280829302 0.262073793305 -8.15057704301e-17 -2.26293912947e-17 -0.0390722681273 
1 0.133488 0.0 0.0 0.925137365304 515.730755632 -9.24091753943e-16 -1.6618475379e-15 -10.0163280239 
1 1.92874 0.0 0.0 1.29528550778 22.3483876911 -1.74049823755e-16 -7.47357756929e-16 -4.35789441176 
1 477.759 0.0 0.0 0.0 0.0119071939998 1.12853658075e-18 -3.01063540499e-19 0.00146753526485 
1 477.759 0.0 0.0 1.32280829302 0.0119071939998 -6.27750570297e-18 -3.83756565635e-19 -0.00146753526485 
1 0.83084 0.0 0.0 1.15055854144 64.9118359987 -2.03122784177e-16 -1.08500928836e-15 -8.05234091936 
1 213.7736 0.0 0.0 0.0 0.0377206698151 3.06820188675e-18 -1.04057459609e-18 0.00490070286513 
1 213.7736 0.0 0.0 1.32280829302 0.0377206698151 -1.81523570547e-17 -1.89052054802e-18 -0.00490070286513 
1 144.03761 0.0 0.0 0.0 0.065923790226 4.80360829084e-18 -1.90623842294e-18 0.00885701805199 
1 144.03761 0.0 0.0 1.32280829302 0.065923790226 -2.93239753481e-17 -4.00113732287e-18 -0.00885701805199 
1 53.28691 0.0 0.0 0.0 0.263294555464 1.26271246126e-17 -8.40087228444e-18 0.0392697221456 
1 53.28691 0.0 0.0 1.32280829302 0.263294555464 -8.17451958533e-17 -2.27531321669e-17 -0.0392697221456 
1 0.964889 0.0 0.0 0.0 52.7707928219 3.43910192279e-17 -7.21399760054e-16 9.34527249959 
1 0.964889 0.0 0.0 1.32280829302 52.7707928219 -2.21693509491e-16 -1.02862805887e-15 -9.34527249959 
1 14.294588 0.0 0.0 1.31279667299 1.59046948799 -1.72542255365e-16 -1.43585891942e-16 -0.238307374607 
1 7.56568 0.0 0.0 0.884271627934 3.68263160835 4.20789616832e-17 -1.62531329045e-16 0.427418379212 
1 3.230822 0.0 0.0 0.295878280688 11.8684928181 1.33638213791e-17 -2.36944981586e-16 0.623100887658 
1 0.964889 0.0 0.0 0.127988542329 53.8616783159 1.99298055907e-17 -7.54599047238e-16 7.68106955624 
1 245.2523 0.0 0.0 0.0 0.0310236399144 2.60623627458e-18 -8.42173488774e-19 0.00398858999147 
1 245.2523 0.0 0.0 1.32280829302 0.0310236399144 -1.52502874769e-17 -1.44769216772e-18 -0.00398858999147 
1 437.37451 0.0 0.0 0.0 0.0135282935467 1.26567116858e-18 -3.44990704712e-19 0.00167535120191 
1 437.37451 0.0 0.0 1.32280829302 0.0135282935467 -7.08464760635e-18 -4.58609038356e-19 -0.00167535120191 
1 20.642252 0.0 0.0 0.0 0.964801737517 2.46595516204e-17 -3.09515770863e-17 0.161834968938 
1 20.642252 0.0 0.0 1.32280829302 0.964801737517 -1.55764407395e-16 -9.1653030282e-17 -0.161834968938 
1 0.074939 0.0 0.0 0.0 941.896844173 -1.13416848379e-15 -1.67168688811e-15 27.3598793574 
1 0.074939 0.0 0.0 1.32280829302 941.896844173 -1.26199314007e-15 -1.71688517337e-15 -27.3598793574 
1 0.074939 0.0 0.0 0.614441530735 950.977872138 -1.20890014373e-15 -1.72272545496e-15 1.97674628914 
1 0.762782 0.0 0.0 0.0 70.183286147 -8.1812343127e-19 -8.4339607634e-16 11.2936184042 
1 0.762782 0.0 0.0 1.32280829302 70.183286147 -2.54524883064e-16 -1.12430633889e-15 -11.2936184042 
1 0.142997 0.0 0.0 0.0 472.327540973 -7.50527998911e-16 -1.5493483523e-15 24.1178830528 
1 0.142997 0.0 0.0 1.32280829302 472.327540973 -9.24964651304e-16 -1.63465917253e-15 -24.1178830528 
1 626.171 0.0 0.0 0.0 0.00804254351659 7.89335411807e-19 -1.98465407825e-19 0.000978144289707 
1 626.171 0.0 0.0 1.32280829302 0.00804254351659 -4.31181043544e-18 -2.21778692717e-19 -0.000978144289707 
1 2.601528 0.0 0.0 0.0 15.1510151197 6.50510148343e-17 -3.1246658914e-16 3.1689941775 
1 2.601528 0.0 0.0 1.32280829302 15.1510151197 -1.81814292478e-16 -6.35876720316e-16 -3.1689941775 
1 0.762782 0.0 0.0 1.25321528113 70.933088408 -2.39700962316e-16 -1.12569289741e-15 -10.2461138715 
1 0.142997 0.0 0.0 0.322004194995 478.270313662 -8.00855516584e-16 -1.60563173917e-15 12.6603289248 
1 14.22653 0.0 0.0 0.0 1.59815409241 3.0069826665e-17 -4.95241263098e-17 0.28137262356 
1 14.22653 0.0 0.0 1.32280829302 1.59815409241 -1.80002636922e-16 -1.45582718243e-16 -0.28137262356 
1 2.601528 0.0 0.0 0.0474700778234 15.2929178383 5.70866419099e-17 -3.10221543291e-16 2.81055059873 
1 14.22653 0.0 0.0 1.3190769336 1.59917533876 -1.7734409441e-16 -1.45147778143e-16 -0.266015068736 
1 20.156017 0.0 0.0 0.0 0.996582256892 2.49985853454e-17 -3.19217132101e-17 0.167681109427 
1 20.156017 0.0 0.0 1.32280829302 0.996582256892 -1.57516934118e-16 -9.45508501864e-17 -0.167681109427 
1 196.36217 0.0 0.0 0.0 0.0425539495891 3.38794064695e-18 -1.1857980442e-18 0.00556632341368 
1 196.36217 0.0 0.0 1.32280829302 0.0425539495891 -2.01812635135e-17 -2.22654157102e-18 -0.00556632341368 
1 52.120952 0.0 0.0 0.0 0.271451676104 1.28631250723e-17 -8.6733322905e-18 0.0405913224318 
1 52.120952 0.0 0.0 1.32280829302 0.271451676104 -8.33263928939e-17 -2.35807511961e-17 -0.0405913224318 
1 8.747392 0.0 0.0 0.0 3.0742521602 3.76665988489e-17 -8.80626122154e-17 0.576631175629 
1 8.747392 0.0 0.0 1.32280829302 3.0742521602 -1.97400655737e-16 -2.46755078977e-16 -0.576631175629 
1 0.90634 0.0 0.0 0.0 56.9596445243 2.64777304524e-17 -7.53432249141e-16 9.85374937466 
1 0.90634 0.0 0.0 1.32280829302 56.9596445243 -2.29235433293e-16 -1.05418195851e-15 -9.85374937466 
1 20.156017 0.0 0.0 0.0155156828956 0.99875884188 2.23177724439e-17 -2.96103321759e-17 0.112955824574 
1 46.313531 0.0 0.0 1.29791560163 0.319896232016 -8.12208110557e-17 -2.71587468482e-17 0.00999212181228 
1 0.90634 0.0 0.0 0.0508039299509 57.4432232325 2.11356635766e-17 -7.67135625909e-16 9.17947981263 
1 45.550188 0.0 0.0 0.0 0.326810811712 1.43558600491e-17 -1.05203766926e-17 0.0496559545134 
1 45.550188 0.0 0.0 1.32280829302 0.326810811712 -9.32715924608e-17 -2.9222113824e-17 -0.0496559545134 
1 16.69457 0.0 0.0 1.12407133386 1.26537856009 -2.03897486588e-17 -9.32862480148e-17 0.351735052841 
1 45.550188 0.0 0.0 1.31966644027 0.326955000073 -9.19637968929e-17 -2.9051138558e-17 -0.0421304583428 
1 51.634717 0.0 0.0 0.0 0.274982289771 1.29638929882e-17 -8.7912483595e-18 0.0411645238741 
1 51.634717 0.0 0.0 1.32280829302 0.274982289771 -8.40009006348e-17 -2.39393592361e-17 -0.0411645238741 
1 8.261157 0.0 0.0 0.0 3.31858090575 3.86385020621e-17 -9.39666344037e-17 0.627023059143 
1 8.261157 0.0 0.0 1.32280829302 3.31858090575 -1.98188744289e-16 -2.61032185798e-16 -0.627023059143 
1 20.642252 0.0 0.0 0.0463093880729 0.96858415216 1.66007501779e-17 -2.41735984179e-17 0.00314176648429 
1 434.20561 0.0 0.0 0.0 0.0136710731917 1.27761821612e-18 -3.48882030671e-19 0.00169371976275 
1 434.20561 0.0 0.0 1.32280829302 0.0136710731917 -7.15527032678e-18 -4.65376112817e-19 -0.00169371976275 
1 142.871652 0.0 0.0 0.0 0.0666821690171 4.8464603774e-18 -1.93002661908e-18 0.00896556287588 
1 142.871652 0.0 0.0 1.32280829302 0.0666821690171 -2.96041183099e-17 -4.06213808141e-18 -0.00896556287588 
1 2.542979 0.0 0.0 0.0 15.6018027653 6.55206767971e-17 -3.19307487514e-16 3.26322030285 
1 2.542979 0.0 0.0 1.32280829302 15.6018027653 -1.81583507586e-16 -6.4443425764e-16 -3.26322030285 
1 194.725531 0.0 0.0 0.0 0.0430618418668 3.4209283476e-18 -1.2011474846e-18 0.00563660084288 
1 194.725531 0.0 0.0 1.32280829302 0.0430618418668 -2.03914523446e-17 -2.26257423255e-18 -0.00563660084288 
1 52.120952 0.0 0.0 0.0 0.271451676104 1.28631250723e-17 -8.6733322905e-18 0.0405913224318 
1 52.120952 0.0 0.0 1.32280829302 0.271451676104 -8.33263928939e-17 -2.35807511961e-17 -0.0405913224318 
1 21.80821 0.0 0.0 0.114556351497 0.891355073835 4.37807266585e-18 -1.33305916917e-17 -0.196230873514 
1 2.542979 0.0 0.0 0.0181069658348 15.6596360347 6.25229036929e-17 -3.18527010367e-16 3.12481909977 
1 201.87874 0.0 0.0 0.0 0.040914328002 3.28067030942e-18 -1.13635808666e-18 0.00533987154 
1 201.87874 0.0 0.0 1.32280829302 0.040914328002 -1.94988589015e-17 -2.11113220168e-18 -0.00533987154 
1 1558.702 0.0 0.0 0.0 0.00211326373543 2.23868222146e-19 -4.90814699917e-20 0.000249100980388 
1 1558.702 0.0 0.0 1.32280829302 0.00211326373543 -1.16627315978e-18 -3.50143640225e-20 -0.000249100980388 
1 1527.4464 0.0 0.0 0.0 0.00217735436769 2.30389768845e-19 -5.06212162919e-20 0.000256785230695 
1 1527.4464 0.0 0.0 1.32280829302 0.00217735436769 -1.20123498073e-18 -3.6461110634e-20 -0.000256785230695 
1 51.634717 0.0 0.0 0.00605666858232 0.275190530076 1.24760097261e-17 -8.35411112611e-18 0.027604956184 
1 20.012958 0.0 0.0 0.0 1.00627803118 2.51001082712e-17 -3.22168189966e-17 0.169468403819 
1 20.012958 0.0 0.0 1.32280829302 1.00627803118 -1.58036428221e-16 -9.54306730873e-17 -0.169468403819 
1 8.261157 0.0 0.0 0.0378560010675 3.33864464927 2.93074236017e-17 -8.63347333684e-17 0.433772207551 
1 45.48213 0.0 0.0 0.0 0.327483813278 1.43729438542e-17 -1.05427972316e-17 0.0497671161445 
1 45.48213 0.0 0.0 1.32280829302 0.327483813278 -9.33847524856e-17 -2.92908551179e-17 -0.0497671161445 
1 45.48213 0.0 0.0 1.32164114678 0.327540265706 -9.29010371022e-17 -2.92271745586e-17 -0.04696877003 
1 20.012958 0.0 0.0 0.00617073880931 1.00725624339 2.40383758885e-17 -3.12946527021e-17 0.147586137036 
1 142.385417 0.0 0.0 0.0 0.0670028117235 4.86452661645e-18 -1.94009077374e-18 0.00901148569262 
1 142.385417 0.0 0.0 1.32280829302 0.0670028117235 -2.97222766674e-17 -4.08798429324e-18 -0.00901148569262 
1 1707.114 0.0 0.0 0.0 0.00184779828746 1.96724139724e-19 -4.27284564059e-20 0.000217335573282 
1 1707.114 0.0 0.0 1.32280829302 0.00184779828746 -1.02121149533e-18 -2.92086682472e-20 -0.000217335573282 
1 51.634717 0.0 0.0 0.0 0.274982289771 1.29638929882e-17 -8.7912483595e-18 0.0411645238741 
1 51.634717 0.0 0.0 1.32280829302 0.274982289771 -8.40009006348e-17 -2.39393592361e-17 -0.0411645238741 
1 9.91335 0.0 0.0 0.252010568605 2.58995555303 -1.6277240365e-17 -3.53567497425e-17 -0.412874426894 
1 52.120952 0.0 0.0 0.018340610098 0.271822553729 1.13626735849e-17 -7.36323067507e-18 -6.49889296728e-06 
1 1518.31751 0.0 0.0 0.0 0.00219668803559 2.32354708293e-19 -5.10861394556e-20 0.000259104400935 
1 1518.31751 0.0 0.0 1.32280829302 0.00219668803559 -1.21177705855e-18 -3.69008815215e-20 -0.000259104400936 
1 8.747392 0.0 0.0 0.109281721748 3.10810832448 1.1217406209e-17 -6.66192746256e-17 0.0575653557856 
1 53.28691 0.0 0.0 0.0468833522207 0.262769589231 8.69626703303e-18 -5.16554565352e-18 -0.0594170049557 
1 142.385417 0.0 0.0 0.00219639324588 0.067019783437 4.80627177376e-18 -1.88636294346e-18 0.00644296353961 
1 51.634717 0.0 0.0 0.00605666858232 0.275190530076 1.24760097261e-17 -8.35411112611e-18 0.027604956184 
1 51.491658 0.0 0.0 0.0 0.276036065976 1.29938107283e-17 -8.82644080348e-18 0.0413357424818 
1 51.491658 0.0 0.0 1.32280829302 0.276036065976 -8.42010840437e-17 -2.4046435045e-17 -0.0413357424818 
1 8.118098 0.0 0.0 0.0 3.39694151058 3.89404677632e-17 -9.583691852e-17 0.643254897237 
1 8.118098 0.0 0.0 1.32280829302 3.39694151058 -1.98376978021e-16 -2.65491142966e-16 -0.643254897237 
1 51.491658 0.0 0.0 0.00239834453611 0.276128749878 1.28016141086e-17 -8.65289817258e-18 0.0359545531704 
1 8.118098 0.0 0.0 0.0152122746756 3.40612736178 3.51978884495e-17 -9.27705110778e-17 0.564512558632 
1 142.871652 0.0 0.0 0.00669083086243 0.0667160670053 4.66642049301e-18 -1.76721920489e-18 0.001174755509 
1 52.120952 0.0 0.0 0.018340610098 0.271822553729 1.13626735849e-17 -7.36323067507e-18 -6.49889296728e-06 
1 47.95017 0.0 0.0 1.25361504352 0.302355753734 -5.79644456336e-17 -2.36512048892e-17 0.10155621951 
1 19.954409 0.0 0.0 0.0 1.01029319103 2.51418957405e-17 -3.23389083095e-17 0.170209050803 
1 19.954409 0.0 0.0 1.32280829302 1.01029319103 -1.58249535919e-16 -9.57944389806e-17 -0.170209050803 
1 53.28691 0.0 0.0 0.0468833522207 0.262769589231 8.69626703303e-18 -5.16554565352e-18 -0.0594170049557 
1 194.725531 0.0 0.0 1.31688781393 0.0430791849678 -1.97946138104e-17 -2.19497649683e-18 -0.000227198335484 
1 144.03761 0.0 0.0 0.0173445600096 0.0659041289195 4.32221935393e-18 -1.49035795855e-18 -0.010994008025 
1 19.954409 0.0 0.0 0.00230754185061 1.01067649699 2.47456551281e-17 -3.19937170522e-17 0.162011617198 
1 193.962188 0.0 0.0 0.0 0.0433022393177 3.43650313758e-18 -1.20841836944e-18 0.00566988618391 
1 193.962188 0.0 0.0 1.32280829302 0.0433022393177 -2.04907448297e-17 -2.27967519875e-18 -0.00566988618391 
1 142.242358 0.0 0.0 0.0 0.0670976481979 4.86986421774e-18 -1.94306818289e-18 0.00902507168821 
1 142.242358 0.0 0.0 1.32280829302 0.0670976481979 -2.97571918983e-17 -4.09563505543e-18 -0.00902507168821 
1 51.491658 0.0 0.0 0.0 0.276036065976 1.29938107283e-17 -8.82644080348e-18 0.0413357424818 
1 51.491658 0.0 0.0 1.32280829302 0.276036065976 -8.42010840437e-17 -2.4046435045e-17 -0.0413357424818 
1 433.039652 0.0 0.0 0.0 0.0137242447443 1.28206206662e-18 -3.50332067421e-19 0.00170056288282 
1 433.039652 0.0 0.0 1.32280829302 0.0137242447443 -7.18155142457e-18 -4.67903169125e-19 -0.00170056288282 
1 193.962188 0.0 0.0 1.32207045857 0.0433061727812 -2.04175750605e-17 -2.27092487709e-18 -0.00499230947166 
1 142.242358 0.0 0.0 0.000868199447451 0.0671050425983 4.84693853824e-18 -1.92179946131e-18 0.00800882232761 
1 51.491658 0.0 0.0 0.00239834453611 0.276128749878 1.28016141086e-17 -8.65289817258e-18 0.0359545531704 
1 1515.14861 0.0 0.0 0.0 0.00220346642455 2.33043359473e-19 -5.12491896906e-20 0.000259917625616 
1 1515.14861 0.0 0.0 1.32280829302 0.00220346642455 -1.21547261501e-18 -3.70554295258e-20 -0.000259917625616 
1 432.553417 0.0 0.0 0.0 0.0137465212892 1.28392299854e-18 -3.50939713042e-19 0.00170343026998 
1 432.553417 0.0 0.0 1.32280829302 0.0137465212892 -7.1925589898e-18 -4.68963016051e-19 -0.00170343026998 
1 51.433109 0.0 0.0 0.0 0.276469336472 1.30060907551e-17 -8.84091026935e-18 0.0414061587696 
1 51.433109 0.0 0.0 1.32280829302 0.276469336472 -8.42832410017e-17 -2.40904658443e-17 -0.0414061587696 
1 8.059549 0.0 0.0 0.0 3.42994043665 3.90663331374e-17 -9.66212661405e-17 0.650100133639 
1 8.059549 0.0 0.0 1.32280829302 3.42994043665 -1.98447860217e-16 -2.67352095428e-16 -0.650100133639 
1 51.433109 0.0 0.0 0.000895252781078 0.276505505624 1.29345054443e-17 -8.77606677452e-18 0.0393959681451 
1 8.059549 0.0 0.0 0.00571317748322 3.43356968207 3.76633406307e-17 -9.5471102835e-17 0.620390245177 
1 193.89413 0.0 0.0 0.0 0.0433237826582 3.43789766069e-18 -1.20907012904e-18 0.00567286973432 
1 193.89413 0.0 0.0 1.32280829302 0.0433237826582 -2.04996368841e-17 -2.28120914053e-18 -0.00567286973432 
1 13.08225 0.0 0.0 0.511388803152 1.6557251308 -1.11654809148e-17 -2.23922787266e-17 -0.253540374494 
1 193.89413 0.0 0.0 1.32253451322 0.0433253013475 -2.04725283464e-17 -2.27795153037e-18 -0.00542136986659 
1 6650.812 0.0 0.0 0.0 0.000245038477757 2.72122547634e-20 -5.44474241876e-21 2.82649291021e-05 
1 6650.812 0.0 0.0 1.32280829302 0.000245038477757 -1.3657377442e-19 -2.22861681025e-21 -2.82649291021e-05 
1 432.553417 0.0 0.0 0.000722995948986 0.013747636568 1.27935032495e-18 -3.46640295734e-19 0.00138173690781 
1 6619.5564 0.0 0.0 0.0 0.000246766863261 2.74021369626e-20 -5.48356684278e-21 2.84653494877e-05 
1 6619.5564 0.0 0.0 1.32280829302 0.000246766863261 -1.37536035839e-19 -2.24741020209e-21 -2.84653494877e-05 
1 6799.224 0.0 0.0 0.0 0.000237100215859 2.63398498756e-20 -5.26648665762e-21 2.73445732522e-05 
1 6799.224 0.0 0.0 1.32280829302 0.000237100215859 -1.32154009016e-19 -2.1427436351e-21 -2.73445732522e-05 
1 142.183809 0.0 0.0 0.0 0.0671365270288 4.87205163203e-18 -1.94428888783e-18 0.00903064180439 
1 142.183809 0.0 0.0 1.32280829302 0.0671365270288 -2.97715013487e-17 -4.09877235501e-18 -0.00903064180439 
1 51.433109 0.0 0.0 0.0 0.276469336472 1.30060907551e-17 -8.84091026935e-18 0.0414061587696 
1 51.433109 0.0 0.0 1.32280829302 0.276469336472 -8.42832410017e-17 -2.40904658443e-17 -0.0414061587696 
1 142.183809 0.0 0.0 0.000323845831643 0.0671393901633 4.86351580528e-18 -1.93635084414e-18 0.00865144293371 
1 433.039652 0.0 0.0 0.00220748851555 0.0137269159967 1.26797105393e-18 -3.37234967552e-19 0.000719826293031 
1 51.433109 0.0 0.0 0.000895252781078 0.276505505624 1.29345054443e-17 -8.77606677452e-18 0.0393959681451 
1 24.97711 0.0 0.0 0.267849890161 0.694556984176 -1.35565939622e-17 5.38659065496e-19 -0.313975480023 
1 6610.42751 0.0 0.0 0.0 0.000247275514752 2.74580135223e-20 -5.49499347798e-21 2.8524333989e-05 
1 6610.42751 0.0 0.0 1.32280829302 0.000247275514752 -1.37819219265e-19 -2.25294748681e-21 -2.8524333989e-05 
1 434.20561 0.0 0.0 0.00575365428899 0.0136734916421 1.24010093905e-18 -3.14943962181e-19 -0.00084928212258 
1 432.410358 0.0 0.0 0.0 0.0137530869992 1.28447138781e-18 -3.51118824554e-19 0.00170427544085 
1 432.410358 0.0 0.0 1.32280829302 0.0137530869992 -7.19580297608e-18 -4.69275517746e-19 -0.00170427544085 
1 432.410358 0.0 0.0 0.000285596157296 0.013753555581 1.28267007306e-18 -3.49419357655e-19 0.00157715417895 
1 196.36217 0.0 0.0 1.30591182016 0.042519214976 -1.84257256214e-17 -2.04975869175e-18 0.00956164459931 
1 1513.982652 0.0 0.0 0.0 0.00220596924375 2.332976e-19 -5.13093998539e-20 0.000260217912827 
1 1513.982652 0.0 0.0 1.32280829302 0.00220596924375 -1.21683707879e-18 -3.71125417655e-20 -0.000260217912827 
1 1513.496417 0.0 0.0 0.0 0.00220701438773 2.33403762089e-19 -5.13345438202e-20 0.000260343311338 
1 1513.496417 0.0 0.0 1.32280829302 0.00220701438773 -1.21740685026e-18 -3.71363986832e-20 -0.000260343311338 
1 6607.25861 0.0 0.0 0.0 0.000247452491132 2.74774543229e-20 -5.49896926988e-21 2.85448568495e-05 
1 6607.25861 0.0 0.0 1.32280829302 0.000247452491132 -1.37917747636e-19 -2.25487478281e-21 -2.85448568495e-05 
1 56.45581 0.0 0.0 0.118501818857 0.234404691164 2.18624692369e-18 -6.8891494196e-19 -0.153656061723 
1 432.351809 0.0 0.0 0.0 0.0137557756303 1.28469593843e-18 -3.51192172102e-19 0.00170462154103 
1 432.351809 0.0 0.0 1.32280829302 0.0137557756303 -7.19713132975e-18 -4.69403502462e-19 -0.00170462154103 
1 1513.496417 0.0 0.0 0.000206630398789 0.00220706577652 2.33180114198e-19 -5.11219560279e-20 0.000237054884444 
1 432.351809 0.0 0.0 0.00010650038444 0.0137559546485 1.2840249791e-18 -3.5055826161e-19 0.0016572106539 
1 1513.982652 0.0 0.0 0.000631400932702 0.00220611108883 2.32611353876e-19 -5.06603207433e-20 0.00018908747748 
1 56.45581 0.0 0.0 0.118501818857 0.234404691164 2.18624692369e-18 -6.8891494196e-19 -0.153656061723 
1 1515.14861 0.0 0.0 0.00164886068191 0.0022037420208 2.31233570685e-19 -4.95575124787e-20 7.44163908663e-05 
1 1513.353358 0.0 0.0 0.0 0.00220732204514 2.33435012256e-19 -5.1341945523e-20 0.000260380224991 
1 1513.353358 0.0 0.0 1.32280829302 0.00220732204514 -1.21757457183e-18 -3.71434222604e-20 -0.000260380224991 
1 1513.353358 0.0 0.0 8.16033717221e-05 0.00220734291774 2.33346796687e-19 -5.12579695669e-20 0.000251181956417 
1 43911.942 0.0 0.0 0.0 1.45483149425e-05 1.63858906269e-21 -3.18478208982e-22 1.66608162126e-06 
1 43911.942 0.0 0.0 1.32280829302 1.45483149425e-05 -8.11398109611e-21 -9.76178873136e-23 -1.66608162126e-06 
1 43880.6864 0.0 0.0 0.0 1.45638466535e-05 1.64033530016e-21 -3.18818884946e-22 1.66786202316e-06 
1 43880.6864 0.0 0.0 1.32280829302 1.45638466535e-05 -8.12264399321e-21 -9.77268972698e-23 -1.66786202316e-06 
1 147.20651 0.0 0.0 0.0454471488389 0.0631977803858 3.35151226017e-18 -8.10828614042e-19 -0.0388361577385 
1 44060.354 0.0 0.0 0.0 1.44749405395e-05 1.63033947066e-21 -3.16868814469e-22 1.65767074454e-06 
1 44060.354 0.0 0.0 1.32280829302 1.44749405395e-05 -8.07305612384e-21 -9.71030192829e-23 -1.65767074454e-06 
1 43871.55751 0.0 0.0 0.0 1.4568388249e-05 1.64084591281e-21 -3.1891850152e-22 1.66838262735e-06 
1 43871.55751 0.0 0.0 1.32280829302 1.4568388249e-05 -8.12517709307e-21 -9.77587742269e-23 -1.66838262735e-06 
1 6606.092652 0.0 0.0 0.0 0.000247517660577 2.74846131051e-20 -5.50043332013e-21 2.85524141791e-05 
1 6606.092652 0.0 0.0 1.32280829302 0.000247517660577 -1.3795402949e-19 -2.25558457692e-21 -2.85524141791e-05 
1 22.21114 0.0 0.0 0.844886285355 0.765585164908 3.9908069255e-17 -3.5080631302e-17 0.177428740661 
1 6605.606417 0.0 0.0 0.0 0.000247544846395 2.74875994236e-20 -5.5010440593e-21 2.85555667686e-05 
1 6605.606417 0.0 0.0 1.32280829302 0.000247544846395 -1.37969164673e-19 -2.2558806861e-21 -2.85555667686e-05 
1 1513.294809 0.0 0.0 0.0 0.00220744797911 2.33447803865e-19 -5.13449752903e-20 0.000260395334962 
1 1513.294809 0.0 0.0 1.32280829302 0.00220744797911 -1.21764322545e-18 -3.71462973461e-20 -0.000260395334962 
1 1513.294809 0.0 0.0 3.04274048902e-05 0.00220745585008 2.33414927531e-19 -5.13136601962e-20 0.000256965419077 
1 6605.606417 0.0 0.0 4.73437786735e-05 0.000247546179039 2.74817330659e-20 -5.49544156432e-21 2.77408850434e-05 
1 43868.38861 0.0 0.0 0.0 1.45699653192e-05 1.64102322307e-21 -3.18953093424e-22 1.66856340735e-06 
1 43868.38861 0.0 0.0 1.32280829302 1.45699653192e-05 -8.12605671266e-21 -9.77698436759e-23 -1.66856340735e-06 
1 6606.092652 0.0 0.0 0.000144704306906 0.000247521612092 2.74666603169e-20 -5.483313178e-21 2.60626390192e-05 
1 437.37451 0.0 0.0 0.0152960815436 0.0135029675181 1.16061821291e-18 -2.56386088104e-19 -0.00491768569294 
1 6607.25861 0.0 0.0 0.000378109760453 0.000247462054597 2.74304031683e-20 -5.45425762048e-21 2.20409931553e-05 
1 6605.463358 0.0 0.0 0.0 0.000247552845895 2.74884781548e-20 -5.50122377115e-21 2.85564944271e-05 
1 6605.463358 0.0 0.0 1.32280829302 0.000247552845895 -1.3797361824e-19 -2.25596781862e-21 -2.85564944271e-05 
1 6605.463358 0.0 0.0 1.86958476532e-05 0.000247553376776 2.74861624122e-20 -5.49901123215e-21 2.82347706088e-05 
1 6605.404809 0.0 0.0 0.0 0.000247556119933 2.7488837802e-20 -5.50129732369e-21 2.85568740995e-05 
1 6605.404809 0.0 0.0 1.32280829302 0.000247556119933 -1.37975440997e-19 -2.25600348046e-21 -2.85568740995e-05 
1 6605.404809 0.0 0.0 6.97090264763e-06 0.000247556318582 2.74879744887e-20 -5.50047233894e-21 2.84369152462e-05 
1 43867.222652 0.0 0.0 0.0 1.45705456545e-05 1.64108847025e-21 -3.18965822666e-22 1.66862993136e-06 
1 43867.222652 0.0 0.0 1.32280829302 1.45705456545e-05 -8.12638039788e-21 -9.77739170686e-23 -1.66862993136e-06 
1 1518.31751 0.0 0.0 0.00440626952266 0.00219674172512 2.27392040801e-19 -4.6590815532e-20 -0.000233843565785 
1 43866.736417 0.0 0.0 0.0 1.45707876809e-05 1.64111568131e-21 -3.18971131343e-22 1.66865767492e-06 
1 43866.736417 0.0 0.0 1.32280829302 1.45707876809e-05 -8.12651538943e-21 -9.77756158633e-23 -1.66865767492e-06 
1 43866.736417 0.0 0.0 7.12919158695e-06 1.4570799546e-05 1.64106345357e-21 -3.18921181823e-22 1.65993954176e-06 
1 53.46674 0.0 0.0 1.12427004997 0.239292854553 -6.8322521539e-19 -1.64046076395e-17 0.176044278013 
1 43867.222652 0.0 0.0 2.17914424661e-05 1.4570581726e-05 1.64092879325e-21 -3.18813149788e-22 1.64198208842e-06 
1 34.106 0.0 0.0 0.550222470184 0.399706386366 -3.9549383184e-18 -3.88264591704e-18 -0.0603992317385 
1 43868.38861 0.0 0.0 5.69491848103e-05 1.45700583596e-05 1.64060570751e-21 -3.18554135459e-22 1.59892551023e-06 
1 43866.593358 0.0 0.0 0.0 1.45708588906e-05 1.64112368743e-21 -3.18972693278e-22 1.66866583771e-06 
1 43866.593358 0.0 0.0 1.32280829302 1.45708588906e-05 -8.12655510706e-21 -9.77761156883e-23 -1.66866583771e-06 
1 43866.593358 0.0 0.0 2.81523426294e-06 1.45708635835e-05 1.64110306465e-21 -3.18952968596e-22 1.66522313271e-06 
1 6610.42751 0.0 0.0 0.0010120549934 0.000247295580866 2.73310547171e-20 -5.37548632426e-21 1.11335722442e-05 
1 43866.534809 0.0 0.0 0.0 1.45708880344e-05 1.64112696408e-21 -3.18973332527e-22 1.66866917847e-06 
1 43866.534809 0.0 0.0 1.32280829302 1.45708880344e-05 -8.12657136218e-21 -9.77763202503e-23 -1.66866917848e-06 
1 43866.534809 0.0 0.0 1.04967565987e-06 1.45708897853e-05 1.64111927496e-21 -3.18965978039e-22 1.66738554441e-06 
1 201.87874 0.0 0.0 1.27022626967 0.0400531471049 -1.3707866785e-17 -1.72390779634e-18 0.0350298518186 
1 43871.55751 0.0 0.0 0.000152493245048 1.45686284499e-05 1.63972632906e-21 -3.1785045183e-22 1.48193625055e-06 
1 65.5847 0.0 0.0 0.286132094347 0.166498880057 -5.68516999947e-18 2.62927611642e-18 -0.105613186096 
1 65.5847 0.0 0.0 0.286132094347 0.166498880057 -5.68516999947e-18 2.62927611642e-18 -0.105613186096 
1 156.3354 0.0 0.0 0.120036073519 0.0538021189268 8.12230983144e-19 4.77203959231e-19 -0.0651991531666 
1 65.3616 0.0 0.0 0.919669262249 0.157731345917 1.66120020178e-17 -8.85235922561e-18 0.0613998686593 
1 446.5034 0.0 0.0 0.0420285434962 0.0128462343168 9.11821148044e-19 -1.06868619702e-19 -0.0139243113741 
1 1527.4464 0.0 0.0 0.0122857912187 0.00217221234006 2.15595902972e-19 -3.83129659114e-20 -0.00107525593195 
1 6619.5564 0.0 0.0 0.00283491618382 0.000246778723344 2.70383594261e-20 -5.15020905451e-21 -2.00174512798e-05 
2 10.11502 0.0 0.0 0.0 2.53034823646 3.52945749155e-17 -7.44877065317e-17 0.465792517961 7.49954603398e-17 -2.34381902365e-16 1.96202315625e-16 -5.68661140702 -5.68661140702 -4.75061141262 
2 10.11502 0.0 0.0 1.32280829302 2.53034823646 -1.94192836537e-16 -2.12733071682e-16 -0.465792517961 -2.7164392751e-16 -7.16128198436e-16 -1.30828649947e-16 -5.68661140702 -5.68661140702 -4.75061141262 
2 19.24391 0.0 0.0 0.0 1.0613092621 2.56603352232e-17 -3.38841773189e-17 0.179644763054 5.4457286727e-17 -1.75203500127e-16 1.52634693794e-16 -3.97929730655 -3.97929730655 -3.61055057968 
2 19.24391 0.0 0.0 1.32280829302 1.0613092621 -1.60857906515e-16 -1.00386883426e-16 -0.179644763054 -1.58253181933e-16 -6.59634772964e-16 -9.97308803679e-17 -3.97929730655 -3.97929730655 -3.61055057968 
2 28.3728 0.0 0.0 0.0 0.625375323292 2.02618516239e-17 -2.0307325449e-17 0.100724406552 4.09406840862e-17 -1.33894230621e-16 1.18809395574e-16 -3.23527341053 -3.23527341053 -3.02712112102 
2 28.3728 0.0 0.0 1.32280829302 0.625375323292 -1.30907259108e-16 -5.93617135893e-17 -0.100724406552 -1.06144378807e-16 -5.58525417496e-16 -7.85221024141e-17 -3.23527341053 -3.23527341053 -3.02712112102 
2 6.94612 0.0 0.0 0.0 4.18172407582 4.17606301606e-17 -1.14007310745e-16 0.80745258419 8.02044299045e-17 -2.47377879584e-16 1.99431471326e-16 -7.09539064723 -7.09539064723 -5.51029018995 
2 6.94612 0.0 0.0 1.32280829302 4.18172407582 -1.99013649633e-16 -3.07275757975e-16 -0.80745258419 -3.42522517328e-16 -6.61615276696e-16 -1.42761434044e-16 -7.09539064723 -7.09539064723 -5.51029018995 
2 59.6284 0.0 0.0 0.0 0.225434131406 1.14685995917e-17 -7.1364117581e-18 0.0331881867647 2.05527606407e-17 -6.89968394384e-17 6.29121024685e-17 -2.13746101787 -2.13746101787 -2.0683970054 
2 59.6284 0.0 0.0 1.32280829302 0.225434131406 -7.39581264709e-17 -1.89336881714e-17 -0.0331881867647 -4.40330615419e-17 -3.32978042628e-16 -4.28822615556e-17 -2.13746101787 -2.13746101787 -2.0683970054 
2 3.77722 0.0 0.0 0.0 9.33864101934 5.57001461725e-17 -2.16646980863e-16 1.92228514048 6.49856133751e-17 -2.12340682679e-16 1.3815180549e-16 -10.2736267263 -10.2736267263 -6.7745151016 
2 3.77722 0.0 0.0 1.32280829302 9.33864101934 -1.88873873904e-16 -5.00451016796e-16 -1.92228514048 -4.2811652245e-16 -4.73002223392e-16 -1.44509551551e-16 -10.2736267263 -10.2736267263 -6.7745151016 
2 16.07501 0.0 0.0 0.0 1.35468170353 2.82676285437e-17 -4.25648791037e-17 0.234730559671 6.083759525e-17 -1.94160817812e-16 1.67517362486e-16 -4.38599055089 -4.38599055089 -3.90626617409 
2 16.07501 0.0 0.0 1.32280829302 1.35468170353 -1.72886113282e-16 -1.25767052725e-16 -0.234730559671 -1.87135355554e-16 -6.92599906448e-16 -1.09301661222e-16 -4.38599055089 -4.38599055089 -3.90626617409 
2 50.49951 0.0 0.0 0.0 0.283538755138 1.32047546167e-17 -9.07697626436e-18 0.0425565741102 2.4319526166e-17 -8.1219161922e-17 7.36669071607e-17 -2.35632321168 -2.35632321168 -2.26786169217 
2 50.49951 0.0 0.0 1.32280829302 0.283538755138 -8.56115080477e-17 -2.48093218306e-17 -0.0425565741102 -5.42067434268e-17 -3.81359837186e-16 -4.98700204197e-17 -2.35632321168 -2.35632321168 -2.26786169217 
2 90.884 0.0 0.0 0.0 0.125621662647 7.75458402277e-18 -3.82659865209e-18 0.0176574635124 1.30063292201e-17 -4.41675644851e-17 4.07390664331e-17 -1.63751008306 -1.63751008306 -1.60068915524 
2 90.884 0.0 0.0 1.32280829302 0.125621662647 -4.89190577971e-17 -9.22205049709e-18 -0.0176574635124 -2.54167665496e-17 -2.25941488789e-16 -2.82131767219e-17 -1.63751008306 -1.63751008306 -1.60068915524 
2 5.780162 0.0 0.0 0.0 5.33658622495 4.54409496209e-17 -1.39183484746e-16 1.05329085089 7.92388867901e-17 -2.44225736636e-16 1.90924447203e-16 -7.92714215009 -7.92714215009 -5.89310495218 
2 5.780162 0.0 0.0 1.32280829302 5.33658622495 -1.976032435e-16 -3.60889740025e-16 -1.05329085089 -3.74012386532e-16 -6.13736320565e-16 -1.46067790896e-16 -7.92714215009 -7.92714215009 -5.89310495218 
2 2.611262 0.0 0.0 0.0 15.0782700048 6.49719773513e-17 -3.11355719354e-16 3.15374760707 3.77417656777e-17 -1.68676644385e-16 5.17320150941e-17 -12.8361702699 -12.8361702699 -7.58924253812 
2 2.611262 0.0 0.0 1.32280829302 15.0782700048 -1.81855206563e-16 -6.34475470514e-16 -3.15374760707 -4.44213478869e-16 -3.53111620825e-16 -1.27367864825e-16 -12.8361702699 -12.8361702699 -7.58924253812 
2 5.293927 0.0 0.0 0.0 5.99399384028 4.7362876471e-17 -1.52834562057e-16 1.19481309394 7.77511145302e-17 -2.4031064778e-16 1.84009769935e-16 -8.36188804819 -8.36188804819 -6.07623689052 
2 5.293927 0.0 0.0 1.32280829302 5.99399384028 -1.96257516382e-16 -3.88072748044e-16 -1.19481309394 -3.87669558904e-16 -5.87145362372e-16 -1.46919793475e-16 -8.36188804819 -8.36188804819 -6.07623689052 
2 47.33061 0.0 0.0 0.0 0.310012516127 1.39216182497e-17 -9.9604386362e-18 0.0468885592386 2.5916273131e-17 -8.63676627441e-17 7.81662506715e-17 -2.44531383913 -2.44531383913 -2.34789507571 
2 47.33061 0.0 0.0 1.32280829302 0.310012516127 -9.03897888971e-17 -2.75071089218e-17 -0.0468885592386 -5.86932861766e-17 -4.00917226347e-16 -5.27715307358e-17 -2.44531383913 -2.44531383913 -2.34789507571 
2 2.125027 0.0 0.0 0.0 19.6421710608 6.82787508558e-17 -3.77581243326e-16 4.08658251495 1.74432499193e-17 -1.45374993296e-16 -1.03196057743e-17 -14.486469669 -14.486469669 -8.15723076233 
2 2.125027 0.0 0.0 1.32280829302 19.6421710608 -1.81043628383e-16 -7.12890636819e-16 -4.08658251495 -4.38969741862e-16 -3.00352754051e-16 -1.09191783644e-16 -14.486469669 -14.486469669 -8.15723076233 
2 3.77722 0.0 0.0 0.66140414651 9.6488654351 8.78882754228e-18 -2.57037416907e-16 3.34350636985e-15 -1.8311519399e-16 2.30711555421e-17 -3.49389614633e-16 -9.67072891483 -9.67072891483 0.683103323452 
2 208.0404 0.0 0.0 0.0 0.0392053765358 3.16756967977e-18 -1.08501636032e-18 0.00510454811583 4.76803616675e-18 -1.64571514608e-17 1.54255418449e-17 -0.877463611401 -0.877463611401 -0.866796036026 
2 208.0404 0.0 0.0 1.32280829302 0.0392053765358 -1.87812248541e-17 -1.99237490748e-18 -0.00510454811583 -8.06717427018e-18 -9.09679356769e-17 -1.09366566102e-17 -0.877463611401 -0.877463611401 -0.866796036026 
2 14.909052 0.0 0.0 0.0 1.50003389926 2.93752775061e-17 -4.67446122745e-17 0.262484373514 6.34376926412e-17 -2.01767069003e-16 1.73328270404e-16 -4.57062316301 -4.57062316301 -4.03531690094 
2 14.909052 0.0 0.0 1.32280829302 1.50003389926 -1.77385262157e-16 -1.37725914789e-16 -0.262484373514 -2.00012192042e-16 -7.02849651815e-16 -1.13162133343e-16 -4.57062316301 -4.57062316301 -4.03531690094 
2 5.293927 0.0 0.0 1.26373411836 6.05407981758 -1.59925321876e-16 -3.77353329696e-16 -0.842028785133 -3.83642406947e-16 -6.35985797779e-16 -2.14771833825e-16 -8.41673223968 -8.41673223968 -5.81385215099 
2 5.293927 0.0 0.0 0.0590741746554 6.05407981758 3.32297682676e-17 -1.42016508307e-16 0.842028785133 7.00972799602e-17 -2.35553054441e-16 1.79932803888e-16 -8.41673223968 -8.41673223968 -5.81385215099 
2 239.296 0.0 0.0 0.0 0.0321296366153 2.68416454143e-18 -8.74690465955e-19 0.00413835271541 3.98049969986e-18 -1.37671222327e-17 1.29301127887e-17 -0.778445505153 -0.778445505153 -0.769795226907 
2 239.296 0.0 0.0 1.32280829302 0.0321296366153 -1.57372067038e-17 -1.51882993901e-18 -0.00413835271541 -6.60393334538e-18 -7.68158542903e-17 -9.19500380436e-18 -0.778445505153 -0.778445505153 -0.769795226907 
2 0.472834 0.0 0.0 0.0 123.615535838 -1.25582555157e-16 -1.0927949113e-15 15.3945566331 -1.00585939647e-16 -1.1690058603e-16 -3.36161907947e-16 -29.2277812069 -29.2277812069 -20.098739396 
2 0.472834 0.0 0.0 1.32280829302 123.615535838 -3.6632247915e-16 -1.31081385066e-15 -15.3945566331 -2.24587284917e-16 -1.88691864162e-16 9.33300884017e-17 -29.2277812069 -29.2277812069 -20.098739396 
2 2.125027 0.0 0.0 1.17564104846 20.156103072 -1.3477459339e-16 -6.84961879495e-16 -2.90950422925 -4.2074570353e-16 -3.18911962242e-16 -2.64286700418e-16 -15.0433069273 -15.0433069273 -7.68343794775 
2 2.125027 0.0 0.0 0.147167244562 20.156103072 4.69169245164e-17 -3.81664814086e-16 2.90950422925 -1.96427104356e-17 -1.4110386612e-16 -5.2338394134e-17 -15.0433069273 -15.0433069273 -7.68343794775 
2 6.94612 0.0 0.0 0.963144341018 4.18959780672 2.1508184115e-17 -2.07452317445e-16 0.435450560464 -2.5498262244e-16 -3.04462615359e-16 -3.48904303894e-16 -5.96962971964 -5.96962971964 -0.400448973529 
2 6.94612 0.0 0.0 0.359663952002 4.18959780672 -1.80637188261e-17 -6.76265674485e-17 -0.435450560464 4.78090997188e-18 -2.67769899524e-18 -6.41167734332e-18 -5.96962971964 -5.96962971964 -0.400448973529 
2 0.472834 0.0 0.0 0.66140414651 128.883825588 -2.3242098496e-16 -1.27362256188e-15 1.54673966959e-14 -1.77817434115e-16 -1.97164897661e-16 -1.88132386744e-16 -31.6050094645 -31.6050094645 -24.9128085316 
2 198.91151 0.0 0.0 0.0 0.0417827069434 3.33763192941e-18 -1.16252094152e-18 0.00545972416116 5.04918767543e-18 -1.74154463098e-17 1.63126266812e-17 -0.910997198228 -0.910997198228 -0.899588240249 
2 198.91151 0.0 0.0 1.32280829302 0.0417827069434 -1.98610124951e-17 -2.17207983382e-18 -0.00545972416116 -8.59916364262e-18 -9.59574003794e-17 -1.1553828799e-17 -0.910997198228 -0.910997198228 -0.899588240249 
2 5.780162 0.0 0.0 1.15742710499 5.43434743774 -8.83741383249e-17 -3.22462864893e-16 -0.170904654434 -3.51154280765e-16 -6.46284006153e-16 -3.06464102981e-16 -7.81059580764 -7.81059580764 -4.39044792787 
2 5.780162 0.0 0.0 0.16538118803 5.43434743774 7.57636884868e-18 -1.09846076752e-16 0.170904654434 5.27428506368e-17 -1.92498546272e-16 1.45830087835e-16 -7.81059580764 -7.81059580764 -4.39044792787 
2 14.422817 0.0 0.0 0.0 1.56882409015 2.98662895621e-17 -4.86967181863e-17 0.275714209584 6.45599254233e-17 -2.05025866916e-16 1.75782541445e-16 -4.65488642119 -4.65488642119 -4.09316181366 
2 14.422817 0.0 0.0 1.32280829302 1.56882409015 -1.79252361118e-16 -1.43251921268e-16 -0.275714209584 -2.05815402906e-16 -7.06631929047e-16 -1.14826939843e-16 -4.65488642119 -4.65488642119 -4.09316181366 
2 2.611262 0.0 0.0 0.95672857426 15.7721593548 -5.47746512447e-17 -5.21267020551e-16 -0.849862880984 -3.56616646209e-16 -2.68360264871e-16 -4.31058317662e-16 -13.3792643832 -13.3792643832 -4.27654430718 
2 2.611262 0.0 0.0 0.36607971876 15.7721593548 1.50360941019e-17 -3.18911371685e-16 0.849862880984 -7.60426870454e-17 -8.50284999967e-17 -1.38845231111e-16 -13.3792643832 -13.3792643832 -4.27654430718 
2 0.959069 0.0 0.0 0.0 53.1625466091 3.36698245717e-17 -7.24476617868e-16 9.39401716583 -6.64277095111e-17 -1.00411283324e-16 -2.55398884604e-16 -22.0450149601 -22.0450149601 -12.5516631318 
2 0.959069 0.0 0.0 1.32280829302 53.1625466091 -2.22386927867e-16 -1.0310983503e-15 -9.39401716583 -3.43304978888e-16 -2.14923981303e-16 7.35340477624e-18 -22.0450149601 -22.0450149601 -12.5516631318 
2 1.445304 0.0 0.0 0.0 31.9955913547 6.42892391832e-17 -5.28942275848e-16 6.34379932863 -2.51148576769e-17 -1.13814491461e-16 -1.37311867119e-16 -17.9577931555 -17.9577931555 -9.73948482416 
2 1.445304 0.0 0.0 1.32280829302 31.9955913547 -1.90196676964e-16 -8.64687433426e-16 -6.34379932863 -4.04465534853e-16 -2.38834164464e-16 -5.8788281854e-17 -17.9577931555 -17.9577931555 -9.73948482416 
2 5.150868 0.0 0.0 0.0 6.21468381757 4.79847811513e-17 -1.57320971232e-16 1.24250963866 7.71404106111e-17 -2.38777504333e-16 1.81450305884e-16 -8.50253663689 -8.50253663689 -6.13321406035 
2 5.150868 0.0 0.0 1.32280829302 6.21468381757 -1.95767059988e-16 -3.9673803919e-16 -1.24250963866 -3.91701327314e-16 -5.78468825773e-16 -1.47077006911e-16 -8.50253663689 -8.50253663689 -6.13321406035 
2 0.329775 0.0 0.0 0.0 187.075701445 -2.72474605115e-16 -1.26354645634e-15 18.3588519322 -9.86436143465e-17 -1.35735129357e-16 -3.17282267853e-16 -32.599330858 -32.599330858 -24.5855367493 
2 0.329775 0.0 0.0 1.32280829302 187.075701445 -4.9730507358e-16 -1.43465562848e-15 -18.3588519322 -1.7276913074e-16 -1.61220477436e-16 1.08122530751e-16 -32.599330858 -32.599330858 -24.5855367493 
2 0.959069 0.0 0.0 0.996727095305 55.5169169536 -1.47411399265e-16 -9.97680855905e-16 -4.94519606832 -3.05393319784e-16 -2.35802872979e-16 -1.97266098568e-16 -23.8344872699 -23.8344872699 -14.4267623835 
2 0.959069 0.0 0.0 0.326081197715 55.5169169536 -9.13973795611e-18 -8.1276092141e-16 4.94519606832 -1.41786324108e-16 -1.60391829361e-16 -2.87651262764e-16 -23.8344872699 -23.8344872699 -14.4267623835 
2 14.422817 0.0 0.0 1.30112498606 1.5738426399 -1.63404251701e-16 -1.40635627579e-16 -0.187355992661 -2.0538568059e-16 -7.53201414214e-16 -1.26262139367e-16 -4.65241603396 -4.65241603396 -4.04477004706 
2 14.422817 0.0 0.0 0.0216833069581 1.5738426399 2.53567892441e-17 -4.48732789154e-17 0.187355992661 6.37375671599e-17 -2.10477659932e-16 1.76494566168e-16 -4.65241603396 -4.65241603396 -4.04477004706 
2 1.981968 0.0 0.0 0.0 21.468358385 6.87481995401e-17 -4.02301610958e-16 4.44531597377 1.0007944456e-17 -1.38347710828e-16 -3.27906196814e-17 -15.0789784043 -15.0789784043 -8.38419621399 
2 1.981968 0.0 0.0 1.32280829302 21.468358385 -1.81544988671e-16 -7.39882844028e-16 -4.44531597377 -4.34966510974e-16 -2.85616651408e-16 -1.0156392548e-16 -15.0789784043 -15.0789784043 -8.38419621399 
2 387.708 0.0 0.0 0.0 0.0160965339063 1.47753402262e-18 -4.15499482383e-19 0.00200726612769 2.09657131303e-18 -7.29365446877e-18 6.88939600189e-18 -0.499306635157 -0.499306635157 -0.495108597083 
2 387.708 0.0 0.0 1.32280829302 0.0160965339063 -8.34383144769e-18 -5.84338992696e-19 -0.00200726612769 -3.28285097116e-18 -4.17775582174e-17 -4.94143281335e-18 -0.499306635157 -0.499306635157 -0.495108597083 
2 5.150868 0.0 0.0 1.29883277343 6.24271610214 -1.81596881871e-16 -3.92865987942e-16 -1.09617079239 -3.90633802982e-16 -6.02512957791e-16 -1.75744636162e-16 -8.53777092438 -8.53777092438 -6.06528023472 
2 5.150868 0.0 0.0 0.0239755195862 6.24271610214 4.2257063729e-17 -1.5296703014e-16 1.09617079239 7.42749562047e-17 -2.38598948829e-16 1.81374297469e-16 -8.53777092438 -8.53777092438 -6.06528023472 
2 0.329775 0.0 0.0 0.948326489913 192.120723017 -4.32181891504e-16 -1.44738664974e-15 -8.34316369868 -1.61164127016e-16 -1.82247434693e-16 -3.90813567253e-17 -34.272359897 -34.272359897 -28.4501403352 
2 0.329775 0.0 0.0 0.374481803107 192.120723017 -3.29502137588e-16 -1.36713876109e-15 8.34316369868 -1.26460066636e-16 -1.6706940063e-16 -2.30462762736e-16 -34.272359897 -34.272359897 -28.4501403352 
2 1.981968 0.0 0.0 1.26049914544 21.7290677601 -1.63274574173e-16 -7.31405909593e-16 -3.92340107814 -4.29822390735e-16 -2.99346192535e-16 -1.69698412552e-16 -15.3685141179 -15.3685141179 -8.33986014847 
2 1.981968 0.0 0.0 0.0623091475845 21.7290677601 6.0029195196e-17 -4.04702513968e-16 3.92340107814 -4.3512099893e-18 -1.40858790684e-16 -4.54777468095e-17 -15.3685141179 -15.3685141179 -8.33986014847 
2 1.445304 0.0 0.0 0.66140414651 34.0530714407 -3.42826368967e-17 -6.86612197505e-16 5.97675996522e-15 -2.40652509035e-16 -1.89074674279e-16 -3.45589781604e-16 -19.84800672 -19.84800672 -9.04927628965 
2 14.909052 0.0 0.0 1.25869086566 1.50870178177 -1.28428596993e-16 -1.29500159441e-16 -0.0116156266732 -1.97288755072e-16 -8.05949294936e-16 -1.41442759681e-16 -4.49428578527 -4.49428578527 -3.68857962948 
2 14.909052 0.0 0.0 0.0641174273567 1.50870178177 1.60348330392e-17 -3.56727288969e-17 0.0116156266732 6.02458697415e-17 -2.10365106165e-16 1.6872284381e-16 -4.49428578527 -4.49428578527 -3.68857962948 
2 0.186716 0.0 0.0 0.0 353.070962304 -5.84862038396e-16 -1.4760411048e-15 22.4726206155 -8.04380813285e-17 -1.58056501605e-16 -2.448153922e-16 -37.2549708564 -37.2549708564 -31.3796272204 
2 0.186716 0.0 0.0 1.32280829302 353.070962304 -7.77007903492e-16 -1.5845709028e-15 -22.4726206155 -1.10034800292e-16 -1.08846132447e-16 9.94395516404e-17 -37.2549708564 -37.2549708564 -31.3796272204 
2 16.07501 0.0 0.0 1.16739507895 1.34796516206 -5.21941730754e-17 -1.04735663998e-16 0.275295888004 -1.73772954251e-16 -7.4924542039e-16 -1.51473230738e-16 -3.87235019711 -3.87235019711 -2.19414403789 
2 16.07501 0.0 0.0 0.155413214068 1.34796516206 -2.26335420167e-18 -1.8496418587e-17 -0.275295888004 4.94435581857e-17 -1.75331374344e-16 1.25258478887e-16 -3.87235019711 -3.87235019711 -2.19414403789 
2 0.186716 0.0 0.0 0.66140414651 360.646904384 -6.88884939805e-16 -1.58839609987e-15 1.67635400119e-14 -9.97769111563e-17 -1.51294696866e-16 -8.68696244355e-17 -38.7585356414 -38.7585356414 -35.3056798787 
2 10.11502 0.0 0.0 0.66140414651 2.38353648497 2.09873618015e-17 -6.23108770611e-17 1.17037943873e-15 -8.10859223504e-17 2.28521773654e-16 -1.94527392281e-16 -3.18825386488 -3.18825386488 2.1413148288 
2 46.164652 0.0 0.0 0.0 0.320840421462 1.42032628432e-17 -1.03214332911e-17 0.0486707752502 2.65499997905e-17 -8.84057414421e-17 7.99422804849e-17 -2.48013770445 -2.48013770445 -2.37903603314 
2 46.164652 0.0 0.0 1.32280829302 0.320840421462 -9.22600781294e-17 -2.86123824998e-17 -0.0486707752502 -6.05026569956e-17 -4.08525451216e-16 -5.39135019003e-17 -2.48013770445 -2.48013770445 -2.37903603314 
2 0.81601 0.0 0.0 0.0 64.6984978503 1.08611609382e-17 -8.07973362655e-16 10.7245892794 -7.90177768489e-17 -1.00291078054e-16 -2.892752948e-16 -23.7070007735 -23.7070007735 -14.0140549499 
2 0.81601 0.0 0.0 1.32280829302 64.6984978503 -2.43804078452e-16 -1.09695053008e-15 -10.7245892794 -3.15894180521e-16 -2.10558722736e-16 3.23694515791e-17 -23.7070007735 -23.7070007735 -14.0140549499 
2 14.279758 0.0 0.0 0.0 1.59010753375 3.00143199329e-17 -4.92974189223e-17 0.279819232478 6.48940867804e-17 -2.05993229233e-16 1.76506520221e-16 -4.68058663579 -4.68058663579 -4.11067479447 
2 14.279758 0.0 0.0 1.32280829302 1.59010753375 -1.79799419875e-16 -1.44944763591e-16 -0.279819232478 -2.07575098332e-16 -7.07678677726e-16 -1.15322863457e-16 -4.68058663579 -4.68058663579 -4.11067479447 
2 0.81601 0.0 0.0 1.17146855868 66.1554109499 -2.10636606026e-16 -1.09437570563e-15 -8.4941983895 -3.05295918325e-16 -2.26095513626e-16 -6.45447117164e-17 -24.7026516775 -24.7026516775 -15.3921330755 
2 0.81601 0.0 0.0 0.151339734341 66.1554109499 -6.58809727739e-18 -8.52062926807e-16 8.4941983895 -1.0834334965e-16 -1.30051996897e-16 -2.93496923617e-16 -24.7026516775 -24.7026516775 -15.3921330755 
2 195.74261 0.0 0.0 0.0 0.0427450197999 3.4003638883e-18 -1.19157063439e-18 0.00559275472714 5.15342221455e-18 -1.77704616575e-17 1.66410177544e-17 -0.923211225071 -0.923211225071 -0.911524607871 
2 195.74261 0.0 0.0 1.32280829302 0.0427450197999 -2.02604027597e-17 -2.24008164196e-18 -0.00559275472714 -8.79763681368e-18 -9.77991063027e-17 -1.17820490191e-17 -0.923211225071 -0.923211225071 -0.911524607871 
2 14.279758 0.0 0.0 1.31416005566 1.59237385232 -1.73591880817e-16 -1.43926553077e-16 -0.244307330488 -2.07465693136e-16 -7.27582391544e-16 -1.20113121667e-16 -4.68246162322 -4.68246162322 -4.09994210856 
2 14.279758 0.0 0.0 0.00864823735947 1.59237385232 2.8221846567e-17 -4.77682405929e-17 0.244307330488 6.45979815774e-17 -2.08467393679e-16 1.770716008e-16 -4.68246162322 -4.68246162322 -4.09994210856 
2 0.271226 0.0 0.0 0.0 233.273897022 -3.7038835809e-16 -1.3452315743e-15 19.8612550601 -9.38253838064e-17 -1.45445578234e-16 -2.96125246752e-16 -34.2959317483 -34.2959317483 -27.0027092819 
2 0.271226 0.0 0.0 1.32280829302 233.273897022 -5.84885263021e-16 -1.49295523178e-15 -19.8612550601 -1.48592689522e-16 -1.43437098819e-16 1.08624200246e-16 -34.2959317483 -34.2959317483 -27.0027092819 
2 45.678417 0.0 0.0 0.0 0.325549227234 1.43237716648e-17 -1.04783451845e-17 0.0494476342153 2.68222388748e-17 -8.92803505134e-17 8.07035515482e-17 -2.49501940169 -2.49501940169 -2.39231276208 
2 45.678417 0.0 0.0 1.32280829302 0.325549227234 -9.30589994235e-17 -2.9093259169e-17 -0.0494476342153 -6.12849564503e-17 -4.1176718419e-16 -5.44024278355e-17 -2.49501940169 -2.49501940169 -2.39231276208 
2 0.271226 0.0 0.0 1.1530397831 236.246396104 -5.59356324713e-16 -1.50626586834e-15 -15.1004837639 -1.45719755064e-16 -1.56624861067e-16 4.80986697757e-17 -35.1231058652 -35.1231058652 -28.9991413941 
2 0.271226 0.0 0.0 0.169768509921 236.246396104 -3.95966675783e-16 -1.39243938373e-15 15.1004837639 -1.03534531316e-16 -1.55605235131e-16 -2.59036659496e-16 -35.1231058652 -35.1231058652 -28.9991413941 
2 5.092319 0.0 0.0 0.0 6.30910819363 4.82475006803e-17 -1.59226622338e-16 1.2629414973 7.6864339746e-17 -2.38094777313e-16 1.80324060214e-16 -8.56195976396 -8.56195976396 -6.15696938559 
2 5.092319 0.0 0.0 1.32280829302 6.30910819363 -1.95553616697e-16 -4.00379968506e-16 -1.2629414973 -3.93349665118e-16 -5.74800486306e-16 -1.47126542608e-16 -8.56195976396 -8.56195976396 -6.15696938559 
2 0.128167 0.0 0.0 0.0 531.659537973 -8.19046853772e-16 -1.57502034242e-15 24.7399492374 -6.48939912574e-17 -1.58961979479e-16 -1.9001861393e-16 -39.8612698566 -39.8612698566 -35.3080691342 
2 0.128167 0.0 0.0 1.32280829302 531.659537973 -9.85869708865e-16 -1.65196877128e-15 -24.7399492374 -8.02054859478e-17 -7.81866330092e-17 8.30261057706e-17 -39.8612698566 -39.8612698566 -35.3080691342 
2 5.092319 0.0 0.0 1.31376611914 6.32027647004 -1.90311687616e-16 -3.98999900416e-16 -1.20735141129 -3.93037890804e-16 -5.84491483106e-16 -1.58100862192e-16 -8.57730827308 -8.57730827308 -6.13750802037 
2 5.092319 0.0 0.0 0.00904217388418 6.32027647004 4.60934135911e-17 -1.57594874232e-16 1.20735141129 7.58218820976e-17 -2.38299565517e-16 1.80542639952e-16 -8.57730827308 -8.57730827308 -6.13750802037 
2 1.923419 0.0 0.0 0.0 22.3034591994 6.88189298421e-17 -4.13302220107e-16 4.60646429679 6.74602610725e-18 -1.3548941482e-16 -4.26110405512e-17 -15.3390103939 -15.3390103939 -8.48865031176 
2 1.923419 0.0 0.0 1.32280829302 22.3034591994 -1.81899993209e-16 -7.51562979485e-16 -4.60646429679 -4.32915347977e-16 -2.79780866101e-16 -9.80594520699e-17 -15.3390103939 -15.3390103939 -8.48865031176 
2 0.128167 0.0 0.0 0.963545504067 538.206188014 -9.52065074142e-16 -1.66781974987e-15 -11.5557099282 -7.81393242618e-17 -1.08998884873e-16 4.91704414027e-18 -40.774268117 -40.774268117 -37.7966382429 
2 0.128167 0.0 0.0 0.359262788953 538.206188014 -8.74031160461e-16 -1.63153150248e-15 11.5557099282 -7.09161946173e-17 -1.46040655314e-16 -1.230021083e-16 -40.774268117 -40.774268117 -37.7966382429 
2 1.923419 0.0 0.0 1.29886882176 22.4113015753 -1.75126804499e-16 -7.48898045897e-16 -4.40308400472 -4.31360129722e-16 -2.85875400933e-16 -1.2447387319e-16 -15.4592259116 -15.4592259116 -8.49838988821 
2 1.923419 0.0 0.0 0.0239394712602 22.4113015753 6.55546248863e-17 -4.14368885458e-16 4.40308400472 1.45236766812e-18 -1.37130272164e-16 -4.66738927452e-17 -15.4592259116 -15.4592259116 -8.49838988821 
2 45.678417 0.0 0.0 1.31596185681 0.325831728617 -9.01866186863e-17 -2.87225936419e-17 -0.0330851956498 -6.12639646507e-17 -4.27124617807e-16 -5.38568438756e-17 -2.49355787721 -2.49355787721 -2.3855310501 
2 45.678417 0.0 0.0 0.00684643621102 0.325831728617 1.37042043668e-17 -9.92563062386e-18 0.0330851956498 2.67717820982e-17 -9.1676884962e-17 8.07267909716e-17 -2.49355787721 -2.49355787721 -2.3855310501 
2 0.069618 0.0 0.0 0.0 1017.85076569 -1.17258863028e-15 -1.68205632294e-15 27.6663614154 -4.19099027984e-17 -1.35471533028e-16 -1.15372626051e-16 -43.3159275678 -43.3159275678 -40.4648555527 
2 0.069618 0.0 0.0 1.32280829302 1017.85076569 -1.29502137646e-15 -1.72398505012e-15 -27.6663614154 -4.68774058386e-17 -4.2968727006e-17 5.47985409142e-17 -43.3159275678 -43.3159275678 -40.4648555527 
2 0.069618 0.0 0.0 0.66140414651 1027.07521199 -1.24919937384e-15 -1.73143437706e-15 2.51506289571e-14 -4.52795978114e-17 -9.42391851939e-17 -3.24101633458e-17 -44.0357548159 -44.0357548159 -42.5188947181 
2 46.164652 0.0 0.0 1.30210132314 0.321340334704 -8.33410411023e-17 -2.75155619254e-17 0.000189342064048 -6.03738817732e-17 -4.5104940626e-16 -5.18529985578e-17 -2.4635099153 -2.4635099153 -2.32207775207 
2 46.164652 0.0 0.0 0.0207069698818 0.321340334704 1.23009497119e-17 -8.66828547619e-18 -0.000189342064048 2.63426280713e-17 -9.50180130965e-17 7.94561135347e-17 -2.4635099153 -2.4635099153 -2.32207775207 
2 0.757461 0.0 0.0 0.0 70.7769361973 -2.10706723685e-18 -8.47083563582e-16 11.3530140238 -8.3903490103e-17 -1.01115036367e-16 -3.01867411729e-16 -24.4744418593 -24.4744418593 -14.7502402015 
2 0.757461 0.0 0.0 1.32280829302 70.7769361973 -2.55701546298e-16 -1.12713740066e-15 -11.3530140238 -3.03072121928e-16 -2.08618053202e-16 4.31093439112e-17 -24.4744418593 -24.4744418593 -14.7502402015 
2 0.757461 0.0 0.0 1.26201884792 71.4394175558 -2.42795309755e-16 -1.12858222001e-15 -10.4363671112 -2.9996688629e-16 -2.15757874365e-16 4.63286067265e-18 -24.9036049963 -24.9036049963 -15.3969702545 
2 0.757461 0.0 0.0 0.0607894450958 71.4394175558 -8.61935598997e-18 -8.65436096598e-16 10.4363671112 -9.46843201906e-17 -1.13115190148e-16 -3.01938414246e-16 -24.9036049963 -24.9036049963 -15.3969702545 
2 14.221209 0.0 0.0 0.0 1.59896234135 3.00753883943e-17 -4.95468862788e-17 0.281528699089 6.50313505213e-17 -2.06390184781e-16 1.76802969556e-16 -4.6912292445 -4.6912292445 -4.11790936045 
2 14.221209 0.0 0.0 1.32280829302 1.59896234135 -1.8002294141e-16 -1.45646736578e-16 -0.281528699089 -2.08302335376e-16 -7.08097795434e-16 -1.15526623785e-16 -4.6912292445 -4.6912292445 -4.11790936045 
2 47.33061 0.0 0.0 1.27002492576 0.309301298694 -6.66756032367e-17 -2.48889280797e-17 0.0707529706808 -5.799704608e-17 -4.84520505019e-16 -4.56102796525e-17 -2.33331837415 -2.33331837415 -2.00116014101 
2 47.33061 0.0 0.0 0.0527833672602 0.309301298694 8.96699319751e-18 -5.90508334622e-18 -0.0707529706808 2.50760945133e-17 -9.91523854601e-17 7.38234383908e-17 -2.33331837415 -2.33331837415 -2.00116014101 
2 14.221209 0.0 0.0 1.31957047872 1.59985229807 -1.77717797171e-16 -1.45269713778e-16 -0.268199598432 -2.08271080403e-16 -7.15749722483e-16 -1.17355517249e-16 -4.69237359949 -4.69237359949 -4.11521867767 
2 14.221209 0.0 0.0 0.00323781430058 1.59985229807 2.94055461763e-17 -4.89740041042e-17 0.268199598432 6.49254539391e-17 -2.07362256153e-16 1.77058155294e-16 -4.69237359949 -4.69237359949 -4.11521867767 
2 45.535358 0.0 0.0 0.0 0.326957258085 1.43595795251e-17 -1.0525255531e-17 0.0496801416169 2.69032559312e-17 -8.95405237373e-17 8.0929907167e-17 -2.49943942616 -2.49943942616 -2.39625247906 
2 45.535358 0.0 0.0 1.32280829302 0.326957258085 -9.32962310293e-17 -2.92370718917e-17 -0.0496801416169 -6.15183483946e-17 -4.12728825508e-16 -5.4547739977e-17 -2.49943942616 -2.49943942616 -2.39625247906 
2 45.535358 0.0 0.0 1.32009623053 0.327083182137 -9.21683940363e-17 -2.90894002054e-17 -0.0431826294334 -6.15126220427e-17 -4.18959915253e-16 -5.43488616217e-17 -2.49933840192 -2.49933840192 -2.3949992241 
2 45.535358 0.0 0.0 0.00271206249481 0.327083182137 1.41154136139e-17 -1.03057197743e-17 0.0431826294334 2.68854281128e-17 -9.05136710165e-17 8.09611397761e-17 -2.49933840192 -2.49933840192 -2.3949992241 
2 194.576652 0.0 0.0 0.0 0.0431085507264 3.42395646367e-18 -1.20255992458e-18 0.00564306706264 5.19269580408e-18 -1.79041880324e-17 1.67646816064e-17 -0.927783700607 -0.927783700607 -0.915992075744 
2 194.576652 0.0 0.0 1.32280829302 0.0431085507264 -2.04107545003e-17 -2.26589462804e-18 -0.00564306706264 -8.87259013339e-18 -9.84919042389e-17 -1.18679562132e-17 -0.927783700607 -0.927783700607 -0.915992075744 
2 19.24391 0.0 0.0 0.975159807342 0.982194803554 4.23091259098e-17 -5.85523916578e-17 0.340518040556 -1.09086362422e-16 -1.65257504049e-16 -1.21490011812e-16 -2.10368475857 -2.10368475857 0.759562637687 
2 19.24391 0.0 0.0 0.347648485678 0.982194803554 -1.95939277111e-17 -2.25132795002e-18 -0.340518040556 1.81239306853e-17 -9.34006135949e-18 -6.14029832418e-18 -2.10368475857 -2.10368475857 0.759562637687 
2 194.090417 0.0 0.0 0.0 0.0432616983409 3.43387833418e-18 -1.20719194466e-18 0.00566427193666 5.20922413342e-18 -1.79604609398e-17 1.68167146407e-17 -0.929703261854 -0.929703261854 -0.917867380527 
2 194.090417 0.0 0.0 1.32280829302 0.0432616983409 -2.04740087502e-17 -2.27678921277e-18 -0.00566427193666 -8.90416241113e-18 -9.87832862075e-17 -1.19040970146e-17 -0.929703261854 -0.929703261854 -0.917867380527 
2 45.476809 0.0 0.0 0.0 0.327536530964 1.43742810702e-17 -1.05445534377e-17 0.0497758246061 2.69365353408e-17 -8.96473810858e-17 8.10228614541e-17 -2.50125390405 -2.50125390405 -2.39786930379 
2 45.476809 0.0 0.0 1.32280829302 0.327536530964 -9.33936092502e-17 -2.92962398544e-17 -0.0497758246061 -6.16142964639e-17 -4.1312342999e-16 -5.46074047311e-17 -2.50125390405 -2.50125390405 -2.39786930379 
2 194.090417 0.0 0.0 1.32119701116 0.043269633674 -2.03137623343e-17 -2.25779940197e-18 -0.00418555006778 -8.90378125283e-18 -1.00117623158e-16 -1.16664928059e-17 -0.929591380478 -0.929591380478 -0.917466511168 
2 194.090417 0.0 0.0 0.00161128186051 0.043269633674 3.40470255968e-18 -1.18010724688e-18 0.00418555006778 5.20791361671e-18 -1.82532499761e-17 1.68014717864e-17 -0.929591380478 -0.929591380478 -0.917466511168 
2 45.476809 0.0 0.0 1.321795785 0.327585700302 -9.29741273409e-17 -2.92409854029e-17 -0.0473480661252 -6.16125577598e-17 -4.15472053048e-16 -5.4535859832e-17 -2.50128948463 -2.50128948463 -2.39762132365 
2 45.476809 0.0 0.0 0.00101250802077 0.327585700302 1.42833262771e-17 -1.04625091854e-17 0.0473480661252 2.69302118081e-17 -9.00142908753e-17 8.10379128772e-17 -2.50128948463 -2.50128948463 -2.39762132365 
2 194.576652 0.0 0.0 1.31789542167 0.0431252274054 -1.99170155046e-17 -2.20937655507e-18 -0.00114884269941 -8.87078491068e-18 -1.02462720003e-16 -1.11361680029e-17 -0.926654711444 -0.926654711444 -0.912408248969 
2 194.576652 0.0 0.0 0.00491287134783 0.0431252274054 3.33382221681e-18 -1.12032593606e-18 0.00114884269941 5.18761747473e-18 -1.87825445209e-17 1.67064230608e-17 -0.926654711444 -0.926654711444 -0.912408248969 
2 195.74261 0.0 0.0 1.31004526217 0.0427424846973 -1.89483837618e-17 -2.10192670498e-18 0.00593953203771 -8.78902361463e-18 -1.07492548682e-16 -9.84533831864e-18 -0.915457146565 -0.915457146565 -0.887841909772 
2 195.74261 0.0 0.0 0.012763030851 0.0427424846973 3.15931006294e-18 -9.80354157638e-19 -0.00593953203771 5.13361191514e-18 -1.99558044679e-17 1.64184910889e-17 -0.915457146565 -0.915457146565 -0.887841909772 
2 193.947358 0.0 0.0 0.0 0.0433069321209 3.43680692474e-18 -1.2085603403e-18 0.00567053608376 5.21410405436e-18 -1.79770746079e-17 1.68320759328e-17 -0.930269466821 -0.930269466821 -0.918420511723 
2 193.947358 0.0 0.0 1.32280829302 0.0433069321209 -2.04926818784e-17 -2.28000931852e-18 -0.00567053608376 -8.91348717348e-18 -9.88692948669e-17 -1.19147659301e-17 -0.930269466821 -0.930269466821 -0.918420511723 
2 193.947358 0.0 0.0 1.32217154943 0.0433103566177 -2.04295582106e-17 -2.27245244128e-18 -0.0050857530321 -8.91336126198e-18 -9.94002809642e-17 -1.18211726152e-17 -0.930255443211 -0.930255443211 -0.918352657837 
2 193.947358 0.0 0.0 0.000636743588019 0.0433103566177 3.42532309991e-18 -1.1978443655e-18 0.0050857530321 5.21362771661e-18 -1.80933091451e-17 1.68265063322e-17 -0.930255443211 -0.930255443211 -0.918352657837 
2 193.888809 0.0 0.0 0.0 0.0433254677509 3.43800673006e-18 -1.20912111006e-18 0.00567310310846 5.21610346975e-18 -1.79838815195e-17 1.68383696421e-17 -0.930501383327 -0.930501383327 -0.918647070654 
2 193.888809 0.0 0.0 1.32280829302 0.0433254677509 -2.05003323671e-17 -2.2813291334e-18 -0.00567310310846 -8.91730816036e-18 -9.89045318661e-17 -1.19191370309e-17 -0.930501383327 -0.930501383327 -0.918647070654 
2 193.888809 0.0 0.0 1.32257080828 0.0433267891211 -2.04768204557e-17 -2.27850265831e-18 -0.00545493948082 -8.91726498127e-18 -9.91031330304e-17 -1.18842771108e-17 -0.930500767239 -0.930500767239 -0.91863560619 
2 193.888809 0.0 0.0 0.000237484742463 0.0433267891211 3.43373067374e-18 -1.20512249094e-18 0.00545493948082 5.2159321663e-18 -1.80273133769e-17 1.68363618916e-17 -0.930500767239 -0.930500767239 -0.91863560619 
2 50.49951 0.0 0.0 1.19032945966 0.272250135954 -2.60866697493e-17 -1.96026287696e-17 0.174392531698 -5.05000969604e-17 -4.35390115641e-16 -2.80439682315e-17 -1.74381003374 -1.74381003374 -0.635170248009 
2 50.49951 0.0 0.0 0.13247883336 0.272250135954 1.11968376613e-18 -4.90918966178e-19 -0.174392531698 2.05708322248e-17 -8.68363412906e-17 4.82162287939e-17 -1.74381003374 -1.74381003374 -0.635170248009 
2 198.91151 0.0 0.0 1.28917466282 0.0414726803129 -1.62433429846e-17 -1.86971428642e-18 0.0230215732063 -8.54990440815e-18 -1.16896518033e-16 -6.37364239099e-18 -0.858747333866 -0.858747333866 -0.745913040129 
2 198.91151 0.0 0.0 0.0336336302008 0.0414726803129 2.66171340503e-18 -6.27312793428e-19 -0.0230215732063 4.95239282888e-18 -2.23763210418e-17 1.52658190022e-17 -0.858747333866 -0.858747333866 -0.745913040129 
2 28.3728 0.0 0.0 0.66140414651 0.52114497731 8.27965331146e-18 -1.23073436777e-17 2.97652340676e-16 -2.34268871578e-17 1.31648480413e-16 -6.41087595567e-17 -0.765063304328 -0.765063304328 0.688723404805 
2 59.6284 0.0 0.0 1.008094372 0.188548744713 1.79306934097e-17 -1.19413865457e-17 0.105698659263 -2.99553753147e-17 -5.63628547768e-17 -1.82347225405e-17 -0.551197260586 -0.551197260586 0.466349100234 
2 59.6284 0.0 0.0 0.314713921019 0.188548744713 -6.72694314869e-18 2.69236224381e-18 -0.105698659263 8.1758042414e-18 -8.74975703464e-18 -6.15647950944e-18 -0.551197260586 -0.551197260586 0.466349100234 
2 208.0404 0.0 0.0 1.23260519993 0.0367949702198 -8.81547659483e-18 -1.58413888683e-18 0.04666325672 -7.76258578504e-18 -1.13932580961e-16 7.77602844991e-19 -0.585977942312 -0.585977942312 -0.143771472322 
2 208.0404 0.0 0.0 0.090203093092 0.0367949702198 1.2381629515e-18 1.30122014193e-19 -0.04666325672 4.24126691625e-18 -2.28899728848e-17 1.03367283842e-17 -0.585977942312 -0.585977942312 -0.143771472322 
