897

0 5.01634 0.0 0.0 0.0 0.755022356227 
0 5.01634 0.0 0.0 1.32280829302 0.755022356227 
0 1.743062 0.0 0.0 0.0 0.140407479703 
0 1.743062 0.0 0.0 1.32280829302 0.140407479703 
0 3.379701 0.0 0.0 0.0 0.636167327025 
0 3.379701 0.0 0.0 1.32280829302 0.636167327025 
0 39.8392 0.0 0.0 0.0 8.76168236422 
0 39.8392 0.0 0.0 1.32280829302 8.76168236422 
0 102.7966 0.0 0.0 0.0 8.60838366325 
0 102.7966 0.0 0.0 1.32280829302 8.60838366325 
0 71.3179 0.0 0.0 0.0 17.1809054347 
0 71.3179 0.0 0.0 1.32280829302 17.1809054347 
0 284.298 0.0 0.0 0.0 29.0786787145 
0 284.298 0.0 0.0 1.32280829302 29.0786787145 
0 0.216376 0.0 0.0 0.0 0.00656602315685 
0 0.216376 0.0 0.0 1.32280829302 0.00656602315685 
0 22.42777 0.0 0.0 0.0 -2.05806831017 
0 22.42777 0.0 0.0 1.32280829302 -2.05806831017 
0 193.5473 0.0 0.0 0.0 31.6430354293 
0 193.5473 0.0 0.0 1.32280829302 31.6430354293 
0 0.216376 0.0 0.0 0.66140414651 0.0 
0 1.743062 0.0 0.0 0.66140414651 0.0 
0 0.08026 0.0 0.0 0.0 0.00107655608137 
0 0.08026 0.0 0.0 1.32280829302 0.00107655608137 
0 0.148318 0.0 0.0 0.0 0.00530861664466 
0 0.148318 0.0 0.0 1.32280829302 0.00530861664466 
0 0.08026 0.0 0.0 0.66140414651 0.0 
0 162.0686 0.0 0.0 0.0 31.5771241527 
0 162.0686 0.0 0.0 1.32280829302 31.5771241527 
0 0.148318 0.0 0.0 0.964899631907 0.0 
0 0.148318 0.0 0.0 0.357908661113 0.0 
0 0.979719 0.0 0.0 0.0 -0.024087638802 
0 0.979719 0.0 0.0 1.32280829302 -0.024087638802 
0 0.979719 0.0 0.0 1.17673377206 0.0 
0 0.979719 0.0 0.0 0.146074520965 0.0 
0 102.7966 0.0 0.0 0.0 14.2110092899 
0 102.7966 0.0 0.0 1.32280829302 14.2110092899 
0 71.3179 0.0 0.0 0.0 14.4942709738 
0 71.3179 0.0 0.0 1.32280829302 14.4942709738 
0 53.90647 0.0 0.0 0.0 -1.33161940842 
0 53.90647 0.0 0.0 1.32280829302 -1.33161940842 
0 3.379701 0.0 0.0 0.981692781789 0.0 
0 3.379701 0.0 0.0 0.341115511231 0.0 
0 20.791131 0.0 0.0 0.0 -0.871920151915 
0 20.791131 0.0 0.0 1.32280829302 -0.871920151915 
0 193.5473 0.0 0.0 0.0 26.118693592 
0 193.5473 0.0 0.0 1.32280829302 26.118693592 
0 2.616358 0.0 0.0 0.0 -0.0269768739766 
0 2.616358 0.0 0.0 1.32280829302 -0.0269768739766 
0 10.53291 0.0 0.0 0.0 -0.316944251165 
0 10.53291 0.0 0.0 1.32280829302 -0.316944251165 
0 2.616358 0.0 0.0 1.26810936283 0.0 
0 2.616358 0.0 0.0 0.0546989301943 0.0 
0 0.911661 0.0 0.0 0.0 -0.0110344218946 
0 0.911661 0.0 0.0 1.32280829302 -0.0110344218946 
0 0.911661 0.0 0.0 1.26458018323 0.0 
0 0.911661 0.0 0.0 0.0582281097896 0.0 
0 574.466 0.0 0.0 0.0 44.3963728529 
0 574.466 0.0 0.0 1.32280829302 44.3963728529 
0 27.94434 0.0 0.0 0.0 2.69861291012 
0 27.94434 0.0 0.0 1.32280829302 2.69861291012 
0 102.7966 0.0 0.0 0.0 5.99439360872 
0 102.7966 0.0 0.0 1.32280829302 5.99439360872 
0 144.65717 0.0 0.0 0.0 -2.4474095119 
0 144.65717 0.0 0.0 1.32280829302 -2.4474095119 
0 53.90647 0.0 0.0 0.0 -1.70231004334 
0 53.90647 0.0 0.0 1.32280829302 -1.70231004334 
0 52.269831 0.0 0.0 0.0 -0.568193408863 
0 52.269831 0.0 0.0 1.32280829302 -0.568193408863 
0 5.01634 0.0 0.0 0.66140414651 0.0 
0 483.7153 0.0 0.0 0.0 24.1557742859 
0 483.7153 0.0 0.0 1.32280829302 24.1557742859 
0 2.5483 0.0 0.0 0.0 -0.0141210740431 
0 2.5483 0.0 0.0 1.32280829302 -0.0141210740431 
0 8.896271 0.0 0.0 0.0 -0.134276436918 
0 8.896271 0.0 0.0 1.32280829302 -0.134276436918 
0 59.42304 0.0 0.0 0.0 2.64587389078 
0 59.42304 0.0 0.0 1.32280829302 2.64587389078 
0 2.5483 0.0 0.0 1.30197703422 0.0 
0 2.5483 0.0 0.0 0.0208312587995 0.0 
0 864.634 0.0 0.0 0.0 16.9457314571 
0 864.634 0.0 0.0 1.32280829302 16.9457314571 
0 452.2366 0.0 0.0 0.0 24.1054586983 
0 452.2366 0.0 0.0 1.32280829302 24.1054586983 
0 143.020531 0.0 0.0 0.0 -1.04429384601 
0 143.020531 0.0 0.0 1.32280829302 -1.04429384601 
0 52.269831 0.0 0.0 0.0 -0.721199789267 
0 52.269831 0.0 0.0 1.32280829302 -0.721199789267 
0 150.17374 0.0 0.0 0.0 4.86290368451 
0 150.17374 0.0 0.0 1.32280829302 4.86290368451 
0 483.7153 0.0 0.0 0.0 19.9385823291 
0 483.7153 0.0 0.0 1.32280829302 19.9385823291 
0 20.791131 0.0 0.0 1.26735828242 0.0 
0 20.791131 0.0 0.0 0.0554500106042 0.0 
0 59.42304 0.0 0.0 0.0 2.23212992361 
0 59.42304 0.0 0.0 1.32280829302 2.23212992361 
0 20.027788 0.0 0.0 0.0 0.0305694582541 
0 20.027788 0.0 0.0 1.32280829302 0.0305694582541 
0 16.04948 0.0 0.0 0.0 0.207794329215 
0 16.04948 0.0 0.0 1.32280829302 0.207794329215 
0 20.027788 0.0 0.0 1.31566262203 0.0 
0 20.027788 0.0 0.0 0.007145670985 0.0 
0 1655.409 0.0 0.0 0.0 28.8658500922 
0 1655.409 0.0 0.0 1.32280829302 28.8658500922 
0 52.269831 0.0 0.0 1.30075219656 0.0 
0 52.269831 0.0 0.0 0.0220560964589 0.0 
0 434.82517 0.0 0.0 0.0 -1.86831228271 
0 434.82517 0.0 0.0 1.32280829302 -1.86831228271 
0 8.896271 0.0 0.0 1.19321821709 0.0 
0 8.896271 0.0 0.0 0.129590075935 0.0 
0 51.506488 0.0 0.0 0.0 0.019410676637 
0 51.506488 0.0 0.0 1.32280829302 0.019410676637 
0 19.95973 0.0 0.0 0.0 0.0168371998465 
0 19.95973 0.0 0.0 1.32280829302 0.0168371998465 
0 8.132928 0.0 0.0 0.0 0.0047077222884 
0 8.132928 0.0 0.0 1.32280829302 0.0047077222884 
0 19.95973 0.0 0.0 1.32014872314 0.0 
0 19.95973 0.0 0.0 0.00265956988391 0.0 
0 51.506488 0.0 0.0 1.32002976959 0.0 
0 51.506488 0.0 0.0 0.00277852342806 0.0 
0 8.132928 0.0 0.0 1.30521168038 0.0 
0 8.132928 0.0 0.0 0.0175966126351 0.0 
0 1945.577 0.0 0.0 0.0 22.0357165467 
0 1945.577 0.0 0.0 1.32280829302 22.0357165467 
0 1564.6583 0.0 0.0 0.0 15.7057190619 
0 1564.6583 0.0 0.0 1.32280829302 15.7057190619 
0 143.020531 0.0 0.0 1.31474743332 0.0 
0 143.020531 0.0 0.0 0.0080608596987 0.0 
0 52.269831 0.0 0.0 1.30075219656 0.0 
0 52.269831 0.0 0.0 0.0220560964589 0.0 
0 142.257188 0.0 0.0 0.0 0.0356752645187 
0 142.257188 0.0 0.0 1.32280829302 0.0356752645187 
0 51.506488 0.0 0.0 0.0 0.025285213104 
0 51.506488 0.0 0.0 1.32280829302 0.025285213104 
0 51.43843 0.0 0.0 0.0 0.0107740356091 
0 51.43843 0.0 0.0 1.32280829302 0.0107740356091 
0 433.188531 0.0 0.0 0.0 -0.797196795132 
0 433.188531 0.0 0.0 1.32280829302 -0.797196795132 
0 440.34174 0.0 0.0 0.0 3.71226091882 
0 440.34174 0.0 0.0 1.32280829302 3.71226091882 
0 8.06487 0.0 0.0 0.0 0.00259294294105 
0 8.06487 0.0 0.0 1.32280829302 0.00259294294105 
0 51.43843 0.0 0.0 1.32177629619 0.0 
0 51.43843 0.0 0.0 0.00103199683192 0.0 
0 142.257188 0.0 0.0 1.32180228422 0.0 
0 142.257188 0.0 0.0 0.00100600880432 0.0 
0 8.06487 0.0 0.0 1.31622612904 0.0 
0 8.06487 0.0 0.0 0.00658216397771 0.0 
0 51.506488 0.0 0.0 1.32002976959 0.0 
0 51.506488 0.0 0.0 0.00277852342806 0.0 
0 1533.1796 0.0 0.0 0.0 15.6730046279 
0 1533.1796 0.0 0.0 1.32280829302 15.6730046279 
0 22.42777 0.0 0.0 1.17487436663 0.0 
0 22.42777 0.0 0.0 0.147933926391 0.0 
0 1564.6583 0.0 0.0 0.0 12.9637646406 
0 1564.6583 0.0 0.0 1.32280829302 12.9637646406 
0 3026.52 0.0 0.0 0.0 7.16364479388 
0 3026.52 0.0 0.0 1.32280829302 7.16364479388 
0 10.53291 0.0 0.0 1.00781195523 0.0 
0 10.53291 0.0 0.0 0.314996337793 0.0 
0 142.18913 0.0 0.0 0.0 0.0198018120376 
0 142.18913 0.0 0.0 1.32280829302 0.0198018120376 
0 51.43843 0.0 0.0 0.0 0.0139267167464 
0 51.43843 0.0 0.0 1.32280829302 0.0139267167464 
0 142.18913 0.0 0.0 1.32243495719 0.0 
0 142.18913 0.0 0.0 0.000373335829531 0.0 
0 51.43843 0.0 0.0 1.32177629619 0.0 
0 51.43843 0.0 0.0 0.00103199683192 0.0 
0 53.90647 0.0 0.0 1.26126042917 0.0 
0 53.90647 0.0 0.0 0.061547863852 0.0 
0 1515.76817 0.0 0.0 0.0 -1.21474838624 
0 1515.76817 0.0 0.0 1.32280829302 -1.21474838624 
0 6747.519 0.0 0.0 0.0 17.0917355551 
0 6747.519 0.0 0.0 1.32280829302 17.0917355551 
0 433.188531 0.0 0.0 1.32014693809 0.0 
0 433.188531 0.0 0.0 0.00266135493422 0.0 
0 432.425188 0.0 0.0 0.0 0.0272339118423 
0 432.425188 0.0 0.0 1.32280829302 0.0272339118423 
0 7037.687 0.0 0.0 0.0 13.0475506102 
0 7037.687 0.0 0.0 1.32280829302 13.0475506102 
0 432.425188 0.0 0.0 1.32247734101 0.0 
0 432.425188 0.0 0.0 0.000330952006443 0.0 
0 53.90647 0.0 0.0 1.26126042917 0.0 
0 53.90647 0.0 0.0 0.061547863852 0.0 
0 144.65717 0.0 0.0 1.29987249194 0.0 
0 144.65717 0.0 0.0 0.0229358010827 0.0 
0 1514.131531 0.0 0.0 0.0 -0.518325297845 
0 1514.131531 0.0 0.0 1.32280829302 -0.518325297845 
0 1521.28474 0.0 0.0 0.0 2.41365589799 
0 1521.28474 0.0 0.0 1.32280829302 2.41365589799 
0 6656.7683 0.0 0.0 0.0 9.29950083063 
0 6656.7683 0.0 0.0 1.32280829302 9.29950083063 
0 432.35713 0.0 0.0 0.0 0.0151163785504 
0 432.35713 0.0 0.0 1.32280829302 0.0151163785504 
0 8118.63 0.0 0.0 0.0 8.48332005028 
0 8118.63 0.0 0.0 1.32280829302 8.48332005028 
0 432.35713 0.0 0.0 1.3226855142 0.0 
0 432.35713 0.0 0.0 0.000122778816667 0.0 
0 6625.2896 0.0 0.0 0.0 9.28013031313 
0 6625.2896 0.0 0.0 1.32280829302 9.28013031313 
0 6656.7683 0.0 0.0 0.0 7.67596437759 
0 6656.7683 0.0 0.0 1.32280829302 7.67596437759 
0 13210.74 0.0 0.0 0.0 2.51152594616 
0 13210.74 0.0 0.0 1.32280829302 2.51152594616 
0 1514.131531 0.0 0.0 1.32204688728 0.0 
0 1514.131531 0.0 0.0 0.000761405737098 0.0 
0 1513.368188 0.0 0.0 0.0 0.0177070775414 
0 1513.368188 0.0 0.0 1.32280829302 0.0177070775414 
0 6607.87817 0.0 0.0 0.0 -0.719263701477 
0 6607.87817 0.0 0.0 1.32280829302 -0.719263701477 
0 434.82517 0.0 0.0 1.31517803538 0.0 
0 434.82517 0.0 0.0 0.00763025764195 0.0 
0 1513.368188 0.0 0.0 1.32271372781 0.0 
0 1513.368188 0.0 0.0 9.45652120482e-05 0.0 
0 1513.30013 0.0 0.0 0.0 0.00982844068405 
0 1513.30013 0.0 0.0 1.32280829302 0.00982844068405 
0 6606.241531 0.0 0.0 0.0 -0.306905180135 
0 6606.241531 0.0 0.0 1.32280829302 -0.306905180135 
0 6613.39474 0.0 0.0 0.0 1.42914787535 
0 6613.39474 0.0 0.0 1.32280829302 1.42914787535 
0 1513.30013 0.0 0.0 1.32277321452 0.0 
0 1513.30013 0.0 0.0 3.50784988031e-05 0.0 
0 44008.649 0.0 0.0 0.0 9.21088691987 
0 44008.649 0.0 0.0 1.32280829302 9.21088691987 
0 44298.817 0.0 0.0 0.0 7.0314400117 
0 44298.817 0.0 0.0 1.32280829302 7.0314400117 
0 43917.8983 0.0 0.0 0.0 5.011582954 
0 43917.8983 0.0 0.0 1.32280829302 5.011582954 
0 45379.76 0.0 0.0 0.0 4.57173593848 
0 45379.76 0.0 0.0 1.32280829302 4.57173593848 
0 43886.4196 0.0 0.0 0.0 5.00114401141 
0 43886.4196 0.0 0.0 1.32280829302 5.00114401141 
0 1515.76817 0.0 0.0 1.32061941734 0.0 
0 1515.76817 0.0 0.0 0.00218887567503 0.0 
0 16.04948 0.0 0.0 0.66140414651 0.0 
0 43917.8983 0.0 0.0 0.0 4.13664485125 
0 43917.8983 0.0 0.0 1.32280829302 4.13664485125 
0 50471.87 0.0 0.0 0.0 2.70696693285 
0 50471.87 0.0 0.0 1.32280829302 2.70696693285 
0 6606.241531 0.0 0.0 1.32263378102 0.0 
0 6606.241531 0.0 0.0 0.000174512001872 0.0 
0 6605.478188 0.0 0.0 0.0 0.0104845236092 
0 6605.478188 0.0 0.0 1.32280829302 0.0104845236092 
0 6605.478188 0.0 0.0 1.32278662737 0.0 
0 6605.478188 0.0 0.0 2.16656507723e-05 0.0 
0 43869.00817 0.0 0.0 0.0 -0.387617547587 
0 43869.00817 0.0 0.0 1.32280829302 -0.387617547587 
0 6605.41013 0.0 0.0 0.0 0.00581951020165 
0 6605.41013 0.0 0.0 1.32280829302 0.00581951020165 
0 6605.41013 0.0 0.0 1.32280025653 0.0 
0 6605.41013 0.0 0.0 8.03648762971e-06 0.0 
0 87733.0 0.0 0.0 0.0 0.729404168288 
0 87733.0 0.0 0.0 1.32280829302 0.729404168288 
0 43867.371531 0.0 0.0 0.0 -0.165393906326 
0 43867.371531 0.0 0.0 1.32280829302 -0.165393906326 
0 43874.52474 0.0 0.0 0.0 0.770180385086 
0 43874.52474 0.0 0.0 1.32280829302 0.770180385086 
0 27.94434 0.0 0.0 0.942939145231 0.0 
0 27.94434 0.0 0.0 0.379869147789 0.0 
0 6607.87817 0.0 0.0 1.32230619114 0.0 
0 6607.87817 0.0 0.0 0.000502101883683 0.0 
0 43867.371531 0.0 0.0 1.32278201225 0.0 
0 43867.371531 0.0 0.0 2.62807730253e-05 0.0 
0 43866.608188 0.0 0.0 0.0 0.00565020217296 
0 43866.608188 0.0 0.0 1.32280829302 0.00565020217296 
0 43866.608188 0.0 0.0 1.32280503058 0.0 
0 43866.608188 0.0 0.0 3.26243558636e-06 0.0 
0 43866.54013 0.0 0.0 0.0 0.00313618533493 
0 43866.54013 0.0 0.0 1.32280829302 0.00313618533493 
0 43866.54013 0.0 0.0 1.32280708289 0.0 
0 43866.54013 0.0 0.0 1.21013183719e-06 0.0 
0 59.42304 0.0 0.0 1.14417063629 0.0 
0 59.42304 0.0 0.0 0.178637656729 0.0 
0 59.42304 0.0 0.0 1.14417063629 0.0 
0 59.42304 0.0 0.0 0.178637656729 0.0 
0 43869.00817 0.0 0.0 1.32273266268 0.0 
0 43869.00817 0.0 0.0 7.56303416628e-05 0.0 
0 150.17374 0.0 0.0 1.25212221554 0.0 
0 150.17374 0.0 0.0 0.0706860774815 0.0 
0 39.8392 0.0 0.0 0.66140414651 0.0 
0 440.34174 0.0 0.0 1.29870157849 0.0 
0 440.34174 0.0 0.0 0.0241067145289 0.0 
0 1521.28474 0.0 0.0 1.31583051145 0.0 
0 1521.28474 0.0 0.0 0.00697778156989 0.0 
0 6613.39474 0.0 0.0 1.32120318807 0.0 
0 6613.39474 0.0 0.0 0.00160510494816 0.0 
0 71.3179 0.0 0.0 0.953338467441 0.0 
0 71.3179 0.0 0.0 0.369469825579 0.0 
0 43874.52474 0.0 0.0 1.32256634869 0.0 
0 43874.52474 0.0 0.0 0.000241944332941 0.0 
0 71.3179 0.0 0.0 0.953338467441 0.0 
0 71.3179 0.0 0.0 0.369469825579 0.0 
0 162.0686 0.0 0.0 1.1602239795 0.0 
0 162.0686 0.0 0.0 0.162584313517 0.0 
1 5.929041 0.0 0.0 0.194444334999 0.0 0.0 0.0 0.0 
1 2.760141 0.0 0.0 0.417684616266 0.0 0.0 0.0 0.0 
1 5.165698 0.0 0.0 0.0277042877081 0.0 0.0 0.0 0.0 
1 0.344605 0.0 0.0 0.415292823973 0.0 0.0 0.0 0.0 
1 1.996798 0.0 0.0 0.071670736652 0.0 0.0 0.0 0.0 
1 1.107948 0.0 0.0 1.0405438111 0.0 0.0 0.0 0.0 
1 4.39678 0.0 0.0 0.754604068501 0.0 0.0 0.0 0.0 
1 0.276547 0.0 0.0 0.191953978162 0.0 0.0 0.0 0.0 
1 1.594183 0.0 0.0 0.723171953549 0.0 0.0 0.0 0.0 
1 0.201546 0.0 0.0 0.710071068665 0.0 0.0 0.0 0.0 
1 2.744587 0.0 0.0 1.20886241766 0.0 0.0 0.0 0.0 
1 15.057931 0.0 0.0 0.0765622072796 0.0 0.0 0.0 0.0 
1 5.09764 0.0 0.0 0.010413504445 0.0 0.0 0.0 0.0 
1 0.133488 0.0 0.0 0.397670927716 0.0 0.0 0.0 0.0 
1 1.92874 0.0 0.0 0.0275227852375 0.0 0.0 0.0 0.0 
1 0.83084 0.0 0.0 0.172249751583 0.0 0.0 0.0 0.0 
1 14.294588 0.0 0.0 0.0100116200345 0.0 0.0 0.0 0.0 
1 7.56568 0.0 0.0 0.438536665085 0.0 0.0 0.0 0.0 
1 3.230822 0.0 0.0 1.02693001233 0.0 0.0 0.0 0.0 
1 0.964889 0.0 0.0 1.19481975069 0.0 0.0 0.0 0.0 
1 0.074939 0.0 0.0 0.708366762285 0.0 0.0 0.0 0.0 
1 0.762782 0.0 0.0 0.0695930118945 0.0 0.0 0.0 0.0 
1 0.142997 0.0 0.0 1.00080409802 0.0 0.0 0.0 0.0 
1 2.601528 0.0 0.0 1.2753382152 0.0 0.0 0.0 0.0 
1 14.22653 0.0 0.0 0.00373135942488 0.0 0.0 0.0 0.0 
1 20.156017 0.0 0.0 1.30729261012 0.0 0.0 0.0 0.0 
1 46.313531 0.0 0.0 0.0248926913913 0.0 0.0 0.0 0.0 
1 0.90634 0.0 0.0 1.27200436307 0.0 0.0 0.0 0.0 
1 16.69457 0.0 0.0 0.198736959161 0.0 0.0 0.0 0.0 
1 45.550188 0.0 0.0 0.00314185275383 0.0 0.0 0.0 0.0 
1 20.642252 0.0 0.0 1.27649890495 0.0 0.0 0.0 0.0 
1 21.80821 0.0 0.0 1.20825194152 0.0 0.0 0.0 0.0 
1 2.542979 0.0 0.0 1.30470132719 0.0 0.0 0.0 0.0 
1 51.634717 0.0 0.0 1.31675162444 0.0 0.0 0.0 0.0 
1 8.261157 0.0 0.0 1.28495229195 0.0 0.0 0.0 0.0 
1 45.48213 0.0 0.0 0.00116714623521 0.0 0.0 0.0 0.0 
1 20.012958 0.0 0.0 1.31663755421 0.0 0.0 0.0 0.0 
1 9.91335 0.0 0.0 1.07079772441 0.0 0.0 0.0 0.0 
1 52.120952 0.0 0.0 1.30446768292 0.0 0.0 0.0 0.0 
1 8.747392 0.0 0.0 1.21352657127 0.0 0.0 0.0 0.0 
1 53.28691 0.0 0.0 1.2759249408 0.0 0.0 0.0 0.0 
1 142.385417 0.0 0.0 1.32061189977 0.0 0.0 0.0 0.0 
1 51.634717 0.0 0.0 1.31675162444 0.0 0.0 0.0 0.0 
1 51.491658 0.0 0.0 1.32040994848 0.0 0.0 0.0 0.0 
1 8.118098 0.0 0.0 1.30759601834 0.0 0.0 0.0 0.0 
1 142.871652 0.0 0.0 1.31611746216 0.0 0.0 0.0 0.0 
1 52.120952 0.0 0.0 1.30446768292 0.0 0.0 0.0 0.0 
1 47.95017 0.0 0.0 0.0691932494985 0.0 0.0 0.0 0.0 
1 53.28691 0.0 0.0 1.2759249408 0.0 0.0 0.0 0.0 
1 194.725531 0.0 0.0 0.00592047908923 0.0 0.0 0.0 0.0 
1 144.03761 0.0 0.0 1.30546373301 0.0 0.0 0.0 0.0 
1 19.954409 0.0 0.0 1.32050075117 0.0 0.0 0.0 0.0 
1 193.962188 0.0 0.0 0.000737834446399 0.0 0.0 0.0 0.0 
1 142.242358 0.0 0.0 1.32194009357 0.0 0.0 0.0 0.0 
1 51.491658 0.0 0.0 1.32040994848 0.0 0.0 0.0 0.0 
1 51.433109 0.0 0.0 1.32191304024 0.0 0.0 0.0 0.0 
1 8.059549 0.0 0.0 1.31709511554 0.0 0.0 0.0 0.0 
1 13.08225 0.0 0.0 0.811419489868 0.0 0.0 0.0 0.0 
1 193.89413 0.0 0.0 0.000273779803436 0.0 0.0 0.0 0.0 
1 432.553417 0.0 0.0 1.32208529707 0.0 0.0 0.0 0.0 
1 142.183809 0.0 0.0 1.32248444719 0.0 0.0 0.0 0.0 
1 433.039652 0.0 0.0 1.3206008045 0.0 0.0 0.0 0.0 
1 51.433109 0.0 0.0 1.32191304024 0.0 0.0 0.0 0.0 
1 24.97711 0.0 0.0 1.05495840286 0.0 0.0 0.0 0.0 
1 434.20561 0.0 0.0 1.31705463873 0.0 0.0 0.0 0.0 
1 432.410358 0.0 0.0 1.32252269686 0.0 0.0 0.0 0.0 
1 196.36217 0.0 0.0 0.0168964728609 0.0 0.0 0.0 0.0 
1 56.45581 0.0 0.0 1.20430647416 0.0 0.0 0.0 0.0 
1 1513.496417 0.0 0.0 1.32260166262 0.0 0.0 0.0 0.0 
1 432.351809 0.0 0.0 1.32270179264 0.0 0.0 0.0 0.0 
1 1513.982652 0.0 0.0 1.32217689209 0.0 0.0 0.0 0.0 
1 56.45581 0.0 0.0 1.20430647416 0.0 0.0 0.0 0.0 
1 1515.14861 0.0 0.0 1.32115943234 0.0 0.0 0.0 0.0 
1 1513.353358 0.0 0.0 1.32272668965 0.0 0.0 0.0 0.0 
1 147.20651 0.0 0.0 1.27736114418 0.0 0.0 0.0 0.0 
1 22.21114 0.0 0.0 0.477922007665 0.0 0.0 0.0 0.0 
1 1513.294809 0.0 0.0 1.32277786562 0.0 0.0 0.0 0.0 
1 6605.606417 0.0 0.0 1.32276094924 0.0 0.0 0.0 0.0 
1 6606.092652 0.0 0.0 1.32266358871 0.0 0.0 0.0 0.0 
1 437.37451 0.0 0.0 1.30751221148 0.0 0.0 0.0 0.0 
1 6607.25861 0.0 0.0 1.32243018326 0.0 0.0 0.0 0.0 
1 6605.463358 0.0 0.0 1.32278959717 0.0 0.0 0.0 0.0 
1 6605.404809 0.0 0.0 1.32280132212 0.0 0.0 0.0 0.0 
1 1518.31751 0.0 0.0 1.3184020235 0.0 0.0 0.0 0.0 
1 43866.736417 0.0 0.0 1.32280116383 0.0 0.0 0.0 0.0 
1 53.46674 0.0 0.0 0.198538243052 0.0 0.0 0.0 0.0 
1 43867.222652 0.0 0.0 1.32278650158 0.0 0.0 0.0 0.0 
1 34.106 0.0 0.0 0.772585822836 0.0 0.0 0.0 0.0 
1 43868.38861 0.0 0.0 1.32275134384 0.0 0.0 0.0 0.0 
1 43866.593358 0.0 0.0 1.32280547779 0.0 0.0 0.0 0.0 
1 6610.42751 0.0 0.0 1.32179623803 0.0 0.0 0.0 0.0 
1 43866.534809 0.0 0.0 1.32280724334 0.0 0.0 0.0 0.0 
1 201.87874 0.0 0.0 0.0525820233539 0.0 0.0 0.0 0.0 
1 43871.55751 0.0 0.0 1.32265579977 0.0 0.0 0.0 0.0 
1 65.5847 0.0 0.0 1.03667619867 0.0 0.0 0.0 0.0 
1 65.5847 0.0 0.0 1.03667619867 0.0 0.0 0.0 0.0 
1 156.3354 0.0 0.0 1.2027722195 0.0 0.0 0.0 0.0 
1 65.3616 0.0 0.0 0.403139030771 0.0 0.0 0.0 0.0 
1 446.5034 0.0 0.0 1.28077974952 0.0 0.0 0.0 0.0 
1 1527.4464 0.0 0.0 1.3105225018 0.0 0.0 0.0 0.0 
1 6619.5564 0.0 0.0 1.31997337684 0.0 0.0 0.0 0.0 
1 7.56568 0.0 0.0 0.0 0.0 7.59348137298e-18 4.26421763521e-17 -1.79179665898e-17 
1 7.56568 0.0 0.0 1.32280829302 0.0 -2.37400965962e-16 2.52471225836e-16 1.08921414725e-15 
1 34.106 0.0 0.0 0.0 0.0 -7.86998276293e-17 -1.3900321158e-17 1.94744666234e-18 
1 34.106 0.0 0.0 1.32280829302 0.0 7.76532276768e-16 -1.22451550083e-16 1.03825749507e-16 
1 24.97711 0.0 0.0 0.0 0.0 -6.9100257045e-17 -1.22048013821e-17 1.7099029185e-18 
1 24.97711 0.0 0.0 1.32280829302 0.0 6.81813182376e-16 -1.07515274699e-16 9.11613938044e-17 
1 5.929041 0.0 0.0 0.0 0.0 3.06643714395e-18 2.24242671312e-17 -9.1165648616e-18 
1 5.929041 0.0 0.0 1.32280829302 0.0 1.87086792804e-16 1.24873821364e-16 -6.26530807863e-16 
1 16.69457 0.0 0.0 0.0 0.0 5.35175695675e-18 3.00534830777e-17 -1.26282791302e-17 
1 16.69457 0.0 0.0 1.32280829302 0.0 -1.67316176694e-16 1.77937440402e-16 7.67659668027e-16 
1 4.39678 0.0 0.0 0.0 0.0 4.96453297685e-18 2.78789767574e-17 -1.17145656444e-17 
1 4.39678 0.0 0.0 1.32280829302 0.0 -3.4905554497e-16 9.95822750014e-17 9.1309615896e-16 
1 65.5847 0.0 0.0 0.0 0.0 -4.19644083416e-17 -3.39620405294e-18 -6.93660267912e-19 
1 65.5847 0.0 0.0 1.32280829302 0.0 -4.62913955373e-17 -4.18440228586e-17 5.28782737211e-16 
1 2.760141 0.0 0.0 0.0 0.0 2.50271552289e-18 1.83018789574e-17 -7.44061179915e-18 
1 2.760141 0.0 0.0 1.32280829302 0.0 5.83789932509e-17 6.39106861542e-17 -4.76982733778e-16 
1 56.45581 0.0 0.0 0.0 0.0 -3.13467325388e-17 -2.5369093549e-18 -5.18152971777e-19 
1 56.45581 0.0 0.0 1.32280829302 0.0 -3.45789218079e-17 -3.12568065352e-17 3.94992129987e-16 
1 96.8403 0.0 0.0 0.0 0.0 -2.98551490794e-17 -2.41619463521e-18 -4.93497502464e-19 
1 96.8403 0.0 0.0 1.32280829302 0.0 -3.29335398609e-17 -2.97695020589e-17 3.76197069705e-16 
1 65.3616 0.0 0.0 0.0 0.0 -4.31393526391e-17 -7.6194684829e-18 1.06749393033e-18 
1 65.3616 0.0 0.0 1.32280829302 0.0 4.2565658315e-16 -6.71218827203e-17 5.69121401653e-17 
1 156.3354 0.0 0.0 0.0 0.0 -3.23558518867e-17 -2.61857797254e-18 -5.34833440414e-19 
1 156.3354 0.0 0.0 1.32280829302 0.0 -3.56920923427e-17 -3.22630309699e-17 4.07707783848e-16 
1 15.057931 0.0 0.0 0.0 0.0 1.87774207279e-18 1.37315678969e-17 -5.58255610545e-18 
1 15.057931 0.0 0.0 1.32280829302 0.0 1.14563164226e-16 7.64668627326e-17 -3.83658037845e-16 
1 187.591 0.0 0.0 0.0 0.0 -2.83263031694e-17 -2.29246424364e-18 -4.68226094968e-19 
1 187.591 0.0 0.0 1.32280829302 0.0 -3.12470532993e-17 -2.82450420288e-17 3.5693247485e-16 
1 65.5847 0.0 0.0 0.0 0.0 -3.38517331308e-17 -5.97904692357e-18 8.3766949288e-19 
1 65.5847 0.0 0.0 1.32280829302 0.0 3.34015514296e-16 -5.2670981878e-17 4.46593298906e-17 
1 13.08225 0.0 0.0 0.0 0.0 -2.03171365052e-17 -3.58850496806e-18 5.02752558262e-19 
1 13.08225 0.0 0.0 1.32280829302 0.0 2.00469464077e-16 -3.16120750611e-17 2.68036409868e-17 
1 147.20651 0.0 0.0 0.0 0.0 -2.20953269294e-17 -1.78818770082e-18 -3.65229750714e-19 
1 147.20651 0.0 0.0 1.32280829302 0.0 -2.43735955977e-17 -2.20319409147e-17 2.78417542747e-16 
1 21.80821 0.0 0.0 0.0 0.0 -3.00694901237e-17 -5.31100997762e-18 7.44076955994e-19 
1 21.80821 0.0 0.0 1.32280829302 0.0 2.87618563171e-16 -5.46323660794e-17 -4.62292518686e-16 
1 56.45581 0.0 0.0 0.0 0.0 -2.5286695711e-17 -4.46625109604e-18 6.25725527583e-19 
1 56.45581 0.0 0.0 1.32280829302 0.0 2.49504172803e-16 -3.93443693534e-17 3.33597952352e-17 
1 22.21114 0.0 0.0 0.0 0.0 -1.86104473497e-17 -3.28706177442e-18 4.60520113798e-19 
1 22.21114 0.0 0.0 1.32280829302 0.0 1.83629538811e-16 -2.89565834431e-17 2.45520695909e-17 
1 5.929041 0.0 0.0 1.12836395802 0.0 0.0 0.0 0.0 
1 96.8403 0.0 0.0 0.0 0.0 -2.40834692816e-17 -4.25373177676e-18 5.95951392562e-19 
1 96.8403 0.0 0.0 1.32280829302 0.0 2.3763192115e-16 -3.74722313091e-17 3.17724234503e-17 
1 47.95017 0.0 0.0 0.0 0.0 1.95737121871e-18 1.0991871132e-17 -4.61871312748e-18 
1 47.95017 0.0 0.0 1.32280829302 0.0 -6.11948321517e-17 6.50794920973e-17 2.80766662631e-16 
1 1.594183 0.0 0.0 0.0 0.0 7.71174636657e-19 5.63945231728e-18 -2.29271407326e-18 
1 1.594183 0.0 0.0 1.32280829302 0.0 1.79886201595e-17 1.96931292121e-17 -1.46975148813e-16 
1 2.760141 0.0 0.0 0.905123676754 0.0 0.0 0.0 0.0 
1 5.165698 0.0 0.0 0.0 0.0 1.19935747945e-18 -5.65577728178e-19 -9.8997792094e-20 
1 5.165698 0.0 0.0 1.32280829302 0.0 5.19896494351e-17 4.31732842648e-18 4.10510203668e-17 
1 1.107948 0.0 0.0 0.0 0.0 3.43737577127e-20 2.513687022e-19 -1.02193711142e-19 
1 1.107948 0.0 0.0 1.32280829302 0.0 2.76166227489e-17 8.48880329581e-18 -1.13962125866e-16 
1 3.230822 0.0 0.0 0.0 0.0 1.20239803932e-18 6.75222163851e-18 -2.8372398427e-18 
1 3.230822 0.0 0.0 1.32280829302 0.0 -8.45404199839e-17 2.4118589356e-17 2.2114971063e-16 
1 0.344605 0.0 0.0 0.0 0.0 3.76603155695e-20 -1.77593720698e-20 -3.10857117651e-21 
1 0.344605 0.0 0.0 1.32280829302 0.0 1.2339441867e-18 4.70430143216e-18 -7.85978460035e-17 
1 1.996798 0.0 0.0 0.0 0.0 1.1788750127e-18 -5.55918867321e-19 -9.73071210309e-20 
1 1.996798 0.0 0.0 1.32280829302 0.0 1.00870963201e-17 -1.12567903747e-18 1.7419374285e-16 
1 5.165698 0.0 0.0 1.29510400531 0.0 0.0 0.0 0.0 
1 0.344605 0.0 0.0 0.907515469047 0.0 0.0 0.0 0.0 
1 1.996798 0.0 0.0 1.25113755637 0.0 0.0 0.0 0.0 
1 53.28691 0.0 0.0 0.0 0.0 -1.26184095556e-17 -1.02121524806e-18 -2.08578881458e-19 
1 53.28691 0.0 0.0 1.32280829302 0.0 -2.67550628383e-17 -1.89078919785e-17 -4.56329959219e-17 
1 1.107948 0.0 0.0 0.282264481917 0.0 0.0 0.0 0.0 
1 2.744587 0.0 0.0 0.0 0.0 4.3846988166e-20 2.46228430682e-19 -1.03463593368e-19 
1 2.744587 0.0 0.0 1.32280829302 0.0 2.39574059727e-17 1.00346716126e-17 -1.25659349321e-16 
1 336.003 0.0 0.0 0.0 0.0 -1.31077590868e-17 -1.06081859116e-18 -2.1666769625e-19 
1 336.003 0.0 0.0 1.32280829302 0.0 -1.44593116995e-17 -1.30701561759e-17 1.65167507479e-16 
1 9.91335 0.0 0.0 0.0 0.0 -1.0187057047e-17 -1.79928430435e-18 2.52081241382e-19 
1 9.91335 0.0 0.0 1.32280829302 0.0 9.74405185708e-17 -1.85085622529e-17 -1.56617230319e-16 
1 0.276547 0.0 0.0 0.0 0.0 1.77375937818e-20 -1.42428862282e-20 7.16594080131e-22 
1 0.276547 0.0 0.0 1.32280829302 0.0 -1.33141664034e-18 2.12576863509e-18 -3.8985064774e-17 
1 245.2523 0.0 0.0 0.0 0.0 -9.77084197783e-18 -7.90759942464e-19 -1.61509363099e-19 
1 245.2523 0.0 0.0 1.32280829302 0.0 -1.07783221211e-17 -9.74281185475e-18 1.23119871579e-16 
1 0.201546 0.0 0.0 0.0 0.0 -3.3006744108e-21 1.55649000961e-21 2.72445442405e-22 
1 0.201546 0.0 0.0 1.32280829302 0.0 7.06782292297e-18 -3.53769885663e-18 6.42214362158e-17 
1 4.39678 0.0 0.0 0.568204224519 0.0 0.0 0.0 0.0 
1 0.276547 0.0 0.0 1.13085431486 0.0 0.0 0.0 0.0 
1 46.313531 0.0 0.0 0.0 0.0 6.4133519874e-19 4.68996139236e-18 -1.90669942441e-18 
1 46.313531 0.0 0.0 1.32280829302 0.0 3.91285846773e-17 2.61169472199e-17 -1.31036848732e-16 
1 1.594183 0.0 0.0 0.599636339471 0.0 0.0 0.0 0.0 
1 0.201546 0.0 0.0 0.612737224355 0.0 0.0 0.0 0.0 
1 2.744587 0.0 0.0 0.113945875358 0.0 0.0 0.0 0.0 
1 5.09764 0.0 0.0 0.0 0.0 4.59374226786e-19 -3.6886710389e-19 1.85585968159e-20 
1 5.09764 0.0 0.0 1.32280829302 0.0 -1.48916315848e-17 9.60962564688e-19 -5.41981813409e-17 
1 0.83084 0.0 0.0 0.0 0.0 5.04234612629e-19 -2.37780537968e-19 -4.16207129259e-20 
1 0.83084 0.0 0.0 1.32280829302 0.0 4.31450582184e-18 -4.81481350684e-19 7.45070626677e-17 
1 15.057931 0.0 0.0 1.24624608574 0.0 0.0 0.0 0.0 
1 5.09764 0.0 0.0 1.31239478857 0.0 0.0 0.0 0.0 
1 1.92874 0.0 0.0 0.0 0.0 4.61303059629e-19 -3.70415912994e-19 1.86365211507e-20 
1 1.92874 0.0 0.0 1.32280829302 0.0 -3.09530449299e-17 -9.2826703868e-19 -7.56651896144e-20 
1 14.294588 0.0 0.0 0.0 0.0 6.74044760723e-19 -3.17857445334e-19 -5.56372426299e-20 
1 14.294588 0.0 0.0 1.32280829302 0.0 2.92184368831e-17 2.42635966011e-18 2.3070873926e-17 
1 0.133488 0.0 0.0 0.0 0.0 -1.88361773238e-21 1.51250239405e-21 -7.60976563597e-23 
1 0.133488 0.0 0.0 1.32280829302 0.0 4.68468639186e-18 -1.96595887241e-18 3.6300637755e-17 
1 446.5034 0.0 0.0 0.0 0.0 -8.64824974978e-18 -6.99907898426e-19 -1.42953218584e-19 
1 446.5034 0.0 0.0 1.32280829302 0.0 -9.53997841728e-18 -8.62344006547e-18 1.08974375083e-16 
1 53.46674 0.0 0.0 0.0 0.0 -8.12148949547e-18 -1.43445437771e-18 2.00968262417e-19 
1 53.46674 0.0 0.0 1.32280829302 0.0 8.01348480504e-17 -1.26364822854e-17 1.07143784095e-17 
1 0.133488 0.0 0.0 0.925137365304 0.0 0.0 0.0 0.0 
1 1.92874 0.0 0.0 1.29528550778 0.0 0.0 0.0 0.0 
1 477.759 0.0 0.0 0.0 0.0 -8.49055043027e-18 -6.87145200481e-19 -1.4034649168e-19 
1 477.759 0.0 0.0 1.32280829302 0.0 -9.36601858169e-18 -8.4661931462e-18 1.0698724644e-16 
1 0.83084 0.0 0.0 1.15055854144 0.0 0.0 0.0 0.0 
1 213.7736 0.0 0.0 0.0 0.0 -1.09323099394e-17 -1.93091425653e-18 2.70522708174e-19 
1 213.7736 0.0 0.0 1.32280829302 0.0 1.07869251856e-16 -1.70099266846e-17 1.4422589064e-17 
1 144.03761 0.0 0.0 0.0 0.0 -8.57977259155e-18 -6.94366002054e-19 -1.41821309764e-19 
1 144.03761 0.0 0.0 1.32280829302 0.0 -1.81918611703e-17 -1.28562488518e-17 -3.10277397445e-17 
1 53.28691 0.0 0.0 0.0 0.0 -1.0178983803e-17 -1.7978583713e-18 2.51881466965e-19 
1 53.28691 0.0 0.0 1.32280829302 0.0 9.73632969469e-17 -1.84938942148e-17 -1.56493111143e-16 
1 0.964889 0.0 0.0 0.0 0.0 -2.02320725755e-21 -1.47953269137e-20 6.01502634036e-21 
1 0.964889 0.0 0.0 1.32280829302 0.0 -8.49276711852e-18 -3.52925692256e-18 5.62396712977e-17 
1 14.294588 0.0 0.0 1.31279667299 0.0 0.0 0.0 0.0 
1 7.56568 0.0 0.0 0.884271627934 0.0 0.0 0.0 0.0 
1 3.230822 0.0 0.0 0.295878280688 0.0 0.0 0.0 0.0 
1 0.964889 0.0 0.0 0.127988542329 0.0 0.0 0.0 0.0 
1 245.2523 0.0 0.0 0.0 0.0 -7.8819158465e-18 -1.39213979124e-18 1.95039953333e-19 
1 245.2523 0.0 0.0 1.32280829302 0.0 7.77709715758e-17 -1.22637220703e-17 1.03983178232e-17 
1 437.37451 0.0 0.0 0.0 0.0 -5.67697268772e-18 -4.59440712079e-19 -9.38388160613e-20 
1 437.37451 0.0 0.0 1.32280829302 0.0 -6.26233035391e-18 -5.66068686061e-18 7.15340755539e-17 
1 20.642252 0.0 0.0 0.0 0.0 -5.65375733831e-18 -9.98592311052e-19 1.3990362101e-19 
1 20.642252 0.0 0.0 1.32280829302 0.0 5.40789203765e-17 -1.02721442685e-17 -8.692165079e-17 
1 0.074939 0.0 0.0 0.0 0.0 3.78786359805e-22 -3.04156871211e-22 1.53028683828e-23 
1 0.074939 0.0 0.0 1.32280829302 0.0 -1.30994530871e-18 6.14635809265e-19 -1.33624937874e-17 
1 0.074939 0.0 0.0 0.614441530735 0.0 0.0 0.0 0.0 
1 0.762782 0.0 0.0 0.0 0.0 2.07590627625e-19 -1.66690574137e-19 8.38660624866e-21 
1 0.762782 0.0 0.0 1.32280829302 0.0 -1.39291554429e-17 -4.17728721153e-19 -3.40500325622e-20 
1 0.142997 0.0 0.0 0.0 0.0 5.25190875047e-22 -2.47662825354e-22 -4.33504921997e-23 
1 0.142997 0.0 0.0 1.32280829302 0.0 -1.6482296245e-18 8.74726546798e-19 -1.84194325521e-17 
1 626.171 0.0 0.0 0.0 0.0 -5.36934711452e-18 -4.34544394944e-19 -8.875384892e-20 
1 626.171 0.0 0.0 1.32280829302 0.0 -5.92298523625e-18 -5.3539437889e-18 6.76577646738e-17 
1 2.601528 0.0 0.0 0.0 0.0 -2.37115314663e-21 -1.33155170428e-20 5.59509410423e-21 
1 2.601528 0.0 0.0 1.32280829302 0.0 -6.17357124552e-18 -3.94961071789e-18 6.34426578979e-17 
1 0.762782 0.0 0.0 1.25321528113 0.0 0.0 0.0 0.0 
1 0.142997 0.0 0.0 0.322004194995 0.0 0.0 0.0 0.0 
1 14.22653 0.0 0.0 0.0 0.0 2.55987950225e-19 -2.05552528471e-19 1.03418452341e-20 
1 14.22653 0.0 0.0 1.32280829302 0.0 -8.29841558931e-18 5.35499866629e-19 -3.02021326804e-17 
1 2.601528 0.0 0.0 0.0474700778234 0.0 0.0 0.0 0.0 
1 14.22653 0.0 0.0 1.3190769336 0.0 0.0 0.0 0.0 
1 20.156017 0.0 0.0 0.0 0.0 -1.79368015123e-19 -3.16807938566e-20 4.43850581258e-21 
1 20.156017 0.0 0.0 1.32280829302 0.0 -9.45469144319e-18 1.79315172577e-18 3.26730796508e-17 
1 196.36217 0.0 0.0 0.0 0.0 3.96164206794e-19 2.22471132024e-18 -9.34809301919e-19 
1 196.36217 0.0 0.0 1.32280829302 0.0 -1.2385592425e-17 1.3171832261e-17 5.68260640253e-17 
1 52.120952 0.0 0.0 0.0 0.0 -2.29594231464e-18 -1.85811951185e-19 -3.79513026401e-20 
1 52.120952 0.0 0.0 1.32280829302 0.0 -4.86813180621e-18 -3.44032495401e-18 -8.3030056854e-18 
1 8.747392 0.0 0.0 0.0 0.0 -2.0546542187e-18 -3.62902364196e-19 5.08429258488e-20 
1 8.747392 0.0 0.0 1.32280829302 0.0 1.96530334158e-17 -3.73304040012e-18 -3.15885394093e-17 
1 0.90634 0.0 0.0 0.0 0.0 2.43160938419e-22 1.7781893393e-21 -7.22921215353e-22 
1 0.90634 0.0 0.0 1.32280829302 0.0 6.27419603999e-19 6.54409149526e-19 -8.3578561319e-18 
1 20.156017 0.0 0.0 0.0155156828956 0.0 0.0 0.0 0.0 
1 46.313531 0.0 0.0 1.29791560163 0.0 0.0 0.0 0.0 
1 0.90634 0.0 0.0 0.0508039299509 0.0 0.0 0.0 0.0 
1 45.550188 0.0 0.0 0.0 0.0 2.22209148807e-19 -1.04786560901e-19 -1.83416666773e-20 
1 45.550188 0.0 0.0 1.32280829302 0.0 9.63230391749e-18 7.99886515245e-19 7.60566590837e-18 
1 16.69457 0.0 0.0 1.12407133386 0.0 0.0 0.0 0.0 
1 45.550188 0.0 0.0 1.31966644027 0.0 0.0 0.0 0.0 
1 51.634717 0.0 0.0 0.0 0.0 -7.17938079524e-20 -5.81031476863e-21 -1.18673213866e-21 
1 51.634717 0.0 0.0 1.32280829302 0.0 -3.92180043363e-18 1.02606877714e-18 1.02202306214e-17 
1 8.261157 0.0 0.0 0.0 0.0 -6.73956607837e-20 -1.1903727845e-20 1.66772226322e-21 
1 8.261157 0.0 0.0 1.32280829302 0.0 -3.55250169259e-18 6.73758057481e-19 1.22765688821e-17 
1 20.642252 0.0 0.0 0.0463093880729 0.0 0.0 0.0 0.0 
1 434.20561 0.0 0.0 0.0 0.0 -2.17269656909e-18 -1.75837601085e-19 -3.59140839527e-20 
1 434.20561 0.0 0.0 1.32280829302 0.0 -4.60681141934e-18 -3.25564896665e-18 -7.85730192383e-18 
1 142.871652 0.0 0.0 0.0 0.0 -1.53940811853e-18 -1.24585197264e-19 -2.54459979332e-20 
1 142.871652 0.0 0.0 1.32280829302 0.0 -3.26403741801e-18 -2.30670610966e-18 -5.56708863234e-18 
1 2.542979 0.0 0.0 0.0 0.0 2.73849885801e-22 1.53783943764e-21 -6.46190181208e-22 
1 2.542979 0.0 0.0 1.32280829302 0.0 2.83463143658e-19 7.03723164016e-19 -9.89174175864e-18 
1 194.725531 0.0 0.0 0.0 0.0 1.26426984961e-19 9.24536310471e-19 -3.75869373656e-19 
1 194.725531 0.0 0.0 1.32280829302 0.0 7.71345311509e-18 5.148457312e-18 -2.58314119302e-17 
1 52.120952 0.0 0.0 0.0 0.0 -1.8520844113e-18 -3.27123564362e-19 4.58302859588e-20 
1 52.120952 0.0 0.0 1.32280829302 0.0 1.77154270012e-17 -3.36499731628e-18 -2.84742030475e-17 
1 21.80821 0.0 0.0 0.114556351497 0.0 0.0 0.0 0.0 
1 2.542979 0.0 0.0 0.0181069658348 0.0 0.0 0.0 0.0 
1 201.87874 0.0 0.0 0.0 0.0 -1.78278312469e-18 -3.14883256225e-19 4.41154085141e-20 
1 201.87874 0.0 0.0 1.32280829302 0.0 1.7590745501e-17 -2.77388863046e-18 2.35195933341e-18 
1 1558.702 0.0 0.0 0.0 0.0 -1.69207064848e-18 -1.36940264889e-19 -2.79694680738e-20 
1 1558.702 0.0 0.0 1.32280829302 0.0 -1.86654154702e-18 -1.68721651731e-18 2.13213478854e-17 
1 1527.4464 0.0 0.0 0.0 0.0 -1.64370499838e-18 -1.33026004606e-19 -2.7169997019e-20 
1 1527.4464 0.0 0.0 1.32280829302 0.0 -1.81318887204e-18 -1.63898961628e-18 2.07119047441e-17 
1 51.634717 0.0 0.0 0.00605666858232 0.0 0.0 0.0 0.0 
1 20.012958 0.0 0.0 0.0 0.0 9.25997415519e-21 1.63553871144e-21 -2.29140346364e-22 
1 20.012958 0.0 0.0 1.32280829302 0.0 4.85122569794e-18 -6.61838002128e-19 -1.05292113172e-17 
1 8.261157 0.0 0.0 0.0378560010675 0.0 0.0 0.0 0.0 
1 45.48213 0.0 0.0 0.0 0.0 8.41142237335e-20 -6.75418173145e-20 3.39819230972e-21 
1 45.48213 0.0 0.0 1.32280829302 0.0 -2.72674860243e-18 1.75958108776e-19 -9.9240176863e-18 
1 45.48213 0.0 0.0 1.32164114678 0.0 0.0 0.0 0.0 
1 20.012958 0.0 0.0 0.00617073880931 0.0 0.0 0.0 0.0 
1 142.385417 0.0 0.0 0.0 0.0 -4.78508664154e-20 -3.87259853954e-21 -7.90961820487e-22 
1 142.385417 0.0 0.0 1.32280829302 0.0 -2.61389601707e-18 6.83879033419e-19 6.81182547833e-18 
1 1707.114 0.0 0.0 0.0 0.0 -1.2805270851e-18 -1.03633804173e-19 -2.116676479e-20 
1 1707.114 0.0 0.0 1.32280829302 0.0 -1.41256336346e-18 -1.27685357038e-18 1.61355930869e-17 
1 51.634717 0.0 0.0 0.0 0.0 -5.79144309021e-20 -1.02291099418e-20 1.43310688929e-21 
1 51.634717 0.0 0.0 1.32280829302 0.0 -3.05273531579e-18 5.78973690754e-19 1.05494996558e-17 
1 9.91335 0.0 0.0 0.252010568605 0.0 0.0 0.0 0.0 
1 52.120952 0.0 0.0 0.018340610098 0.0 0.0 0.0 0.0 
1 1518.31751 0.0 0.0 0.0 0.0 -1.0632723859e-18 -8.60512546004e-20 -1.75756036415e-20 
1 1518.31751 0.0 0.0 1.32280829302 0.0 -1.1729073404e-18 -1.06022212104e-18 1.33980223917e-17 
1 8.747392 0.0 0.0 0.109281721748 0.0 0.0 0.0 0.0 
1 53.28691 0.0 0.0 0.0468833522207 0.0 0.0 0.0 0.0 
1 142.385417 0.0 0.0 0.00219639324588 0.0 0.0 0.0 0.0 
1 51.634717 0.0 0.0 0.00605666858232 0.0 0.0 0.0 0.0 
1 51.491658 0.0 0.0 0.0 0.0 3.6903134342e-21 2.98659219495e-22 6.09998783881e-23 
1 51.491658 0.0 0.0 1.32280829302 0.0 1.84266208231e-18 -3.79424841659e-19 -2.51920837338e-18 
1 8.118098 0.0 0.0 0.0 0.0 3.51552233997e-21 6.20927529776e-22 -8.69924681357e-23 
1 8.118098 0.0 0.0 1.32280829302 0.0 1.84175377075e-18 -2.51264878598e-19 -3.99738454855e-18 
1 51.491658 0.0 0.0 0.00239834453611 0.0 0.0 0.0 0.0 
1 8.118098 0.0 0.0 0.0152122746756 0.0 0.0 0.0 0.0 
1 142.871652 0.0 0.0 0.00669083086243 0.0 0.0 0.0 0.0 
1 52.120952 0.0 0.0 0.018340610098 0.0 0.0 0.0 0.0 
1 47.95017 0.0 0.0 1.25361504352 0.0 0.0 0.0 0.0 
1 19.954409 0.0 0.0 0.0 0.0 -1.04845408824e-21 -1.85182725109e-22 2.59442552323e-23 
1 19.954409 0.0 0.0 1.32280829302 0.0 -1.05586353978e-18 5.70725280131e-20 1.53285823097e-18 
1 53.28691 0.0 0.0 0.0468833522207 0.0 0.0 0.0 0.0 
1 194.725531 0.0 0.0 1.31688781393 0.0 0.0 0.0 0.0 
1 144.03761 0.0 0.0 0.0173445600096 0.0 0.0 0.0 0.0 
1 19.954409 0.0 0.0 0.00230754185061 0.0 0.0 0.0 0.0 
1 193.962188 0.0 0.0 0.0 0.0 4.32518554807e-20 -2.03961592615e-20 -3.5701100547e-21 
1 193.962188 0.0 0.0 1.32280829302 0.0 1.87487787619e-18 1.55693751333e-19 1.48040332484e-18 
1 142.242358 0.0 0.0 0.0 0.0 2.45526127662e-21 1.98705727739e-22 4.0584801794e-23 
1 142.242358 0.0 0.0 1.32280829302 0.0 1.22597089305e-18 -2.5244119171e-19 -1.67609469417e-18 
1 51.491658 0.0 0.0 0.0 0.0 2.97689185861e-21 5.2579216669e-22 -7.36639239095e-23 
1 51.491658 0.0 0.0 1.32280829302 0.0 1.55956961029e-18 -2.12767349804e-19 -3.38492558646e-18 
1 433.039652 0.0 0.0 0.0 0.0 -3.87717138958e-19 -3.13781742854e-20 -6.40885896197e-21 
1 433.039652 0.0 0.0 1.32280829302 0.0 -8.22084302354e-19 -5.80969713286e-19 -1.40213348941e-18 
1 193.962188 0.0 0.0 1.32207045857 0.0 0.0 0.0 0.0 
1 142.242358 0.0 0.0 0.000868199447451 0.0 0.0 0.0 0.0 
1 51.491658 0.0 0.0 0.00239834453611 0.0 0.0 0.0 0.0 
1 1515.14861 0.0 0.0 0.0 0.0 -4.04833216377e-19 -3.27633884179e-20 -6.69178307116e-21 
1 1515.14861 0.0 0.0 1.32280829302 0.0 -8.58375859135e-19 -6.06617077282e-19 -1.46403177283e-18 
1 432.553417 0.0 0.0 0.0 0.0 -1.20242610269e-20 -9.73130460956e-22 -1.98757767713e-22 
1 432.553417 0.0 0.0 1.32280829302 0.0 -6.56835922962e-19 1.71849344112e-19 1.71171754572e-18 
1 51.433109 0.0 0.0 0.0 0.0 -4.17085010131e-22 -3.37549332352e-23 -6.8943018931e-24 
1 51.433109 0.0 0.0 1.32280829302 0.0 -4.25257875594e-19 4.24507449231e-20 3.49966252749e-19 
1 8.059549 0.0 0.0 0.0 0.0 -3.99761200221e-22 -7.06076396475e-23 9.8921895835e-24 
1 8.059549 0.0 0.0 1.32280829302 0.0 -4.02586322726e-19 2.1760974137e-20 5.84457872836e-19 
1 51.433109 0.0 0.0 0.000895252781078 0.0 0.0 0.0 0.0 
1 8.059549 0.0 0.0 0.00571317748322 0.0 0.0 0.0 0.0 
1 193.89413 0.0 0.0 0.0 0.0 1.63536720127e-20 -1.31316283795e-20 6.60684008037e-22 
1 193.89413 0.0 0.0 1.32280829302 0.0 -5.30140448616e-19 3.42101617439e-20 -1.92944930222e-18 
1 13.08225 0.0 0.0 0.511388803152 0.0 0.0 0.0 0.0 
1 193.89413 0.0 0.0 1.32253451322 0.0 0.0 0.0 0.0 
1 6650.812 0.0 0.0 0.0 0.0 -2.34805748919e-19 -1.90029662671e-20 -3.88127523154e-21 
1 6650.812 0.0 0.0 1.32280829302 0.0 -2.59016777007e-19 -2.34132149443e-19 2.95872696728e-18 
1 432.553417 0.0 0.0 0.000722995948986 0.0 0.0 0.0 0.0 
1 6619.5564 0.0 0.0 0.0 0.0 -2.24575709867e-19 -1.81750432374e-20 -3.71217546556e-21 
1 6619.5564 0.0 0.0 1.32280829302 0.0 -2.47731909595e-19 -2.23931457835e-19 2.82982087124e-18 
1 6799.224 0.0 0.0 0.0 0.0 -1.90367916406e-19 -1.54065865527e-20 -3.14672993412e-21 
1 6799.224 0.0 0.0 1.32280829302 0.0 -2.09996920348e-19 -1.89821798053e-19 2.39877724702e-18 
1 142.183809 0.0 0.0 0.0 0.0 -2.77296087262e-22 -2.24417341419e-23 -4.58362897952e-24 
1 142.183809 0.0 0.0 1.32280829302 0.0 -2.82729760397e-19 2.82230844615e-20 2.32672645153e-19 
1 51.433109 0.0 0.0 0.0 0.0 -3.36452985132e-22 -5.94258550339e-23 8.32561217302e-24 
1 51.433109 0.0 0.0 1.32280829302 0.0 -3.38830706881e-19 1.83147956924e-20 4.9190015412e-19 
1 142.183809 0.0 0.0 0.000323845831643 0.0 0.0 0.0 0.0 
1 433.039652 0.0 0.0 0.00220748851555 0.0 0.0 0.0 0.0 
1 51.433109 0.0 0.0 0.000895252781078 0.0 0.0 0.0 0.0 
1 24.97711 0.0 0.0 0.267849890161 0.0 0.0 0.0 0.0 
1 6610.42751 0.0 0.0 0.0 0.0 -1.44603698621e-19 -1.17028617044e-20 -2.39025984854e-21 
1 6610.42751 0.0 0.0 1.32280829302 0.0 -1.59513913661e-19 -1.44188866463e-19 1.82211408643e-18 
1 434.20561 0.0 0.0 0.00575365428899 0.0 0.0 0.0 0.0 
1 432.410358 0.0 0.0 0.0 0.0 6.16557229275e-22 4.98983363208e-23 1.01915234778e-23 
1 432.410358 0.0 0.0 1.32280829302 0.0 3.07861824805e-19 -6.33922113291e-20 -4.20895450305e-19 
1 432.410358 0.0 0.0 0.000285596157296 0.0 0.0 0.0 0.0 
1 196.36217 0.0 0.0 1.30591182016 0.0 0.0 0.0 0.0 
1 1513.982652 0.0 0.0 0.0 0.0 -7.21038786941e-20 -5.83540897467e-21 -1.19185752377e-21 
1 1513.982652 0.0 0.0 1.32280829302 0.0 -1.52883277155e-19 -1.08043120931e-19 -2.60755207532e-19 
1 1513.496417 0.0 0.0 0.0 0.0 -2.23436236331e-21 -1.80828249793e-22 -3.69334027762e-23 
1 1513.496417 0.0 0.0 1.32280829302 0.0 -1.22054025761e-19 3.19332477716e-20 3.18073372843e-19 
1 6607.25861 0.0 0.0 0.0 0.0 -5.49682458566e-20 -4.44861221065e-21 -9.08610168817e-22 
1 6607.25861 0.0 0.0 1.32280829302 0.0 -1.16550256633e-19 -8.23664543717e-20 -1.98786204233e-19 
1 56.45581 0.0 0.0 0.118501818857 0.0 0.0 0.0 0.0 
1 432.351809 0.0 0.0 0.0 0.0 -6.96144555634e-23 -5.63393850815e-24 -1.15070803582e-24 
1 432.351809 0.0 0.0 1.32280829302 0.0 -7.09785649554e-20 7.08533134565e-21 5.84118574364e-20 
1 1513.496417 0.0 0.0 0.000206630398789 0.0 0.0 0.0 0.0 
1 432.351809 0.0 0.0 0.00010650038444 0.0 0.0 0.0 0.0 
1 1513.982652 0.0 0.0 0.000631400932702 0.0 0.0 0.0 0.0 
1 56.45581 0.0 0.0 0.118501818857 0.0 0.0 0.0 0.0 
1 1515.14861 0.0 0.0 0.00164886068191 0.0 0.0 0.0 0.0 
1 1513.353358 0.0 0.0 0.0 0.0 1.14542326498e-22 9.26997731793e-24 1.89335353521e-24 
1 1513.353358 0.0 0.0 1.32280829302 0.0 5.71937331668e-20 -1.1776832746e-20 -7.8192812932e-20 
1 1513.353358 0.0 0.0 8.16033717221e-05 0.0 0.0 0.0 0.0 
1 43911.942 0.0 0.0 0.0 0.0 -1.9165318423e-20 -1.55106040276e-21 -3.16797506203e-22 
1 43911.942 0.0 0.0 1.32280829302 0.0 -2.11414713272e-20 -1.91103378762e-20 2.41497257694e-19 
1 43880.6864 0.0 0.0 0.0 0.0 -1.82571734439e-20 -1.47756369971e-21 -3.01786116447e-22 
1 43880.6864 0.0 0.0 1.32280829302 0.0 -2.01396867175e-20 -1.82047981399e-20 2.30053955934e-19 
1 147.20651 0.0 0.0 0.0454471488389 0.0 0.0 0.0 0.0 
1 44060.354 0.0 0.0 0.0 0.0 -1.58314396403e-20 -1.28124764759e-21 -2.61689395759e-22 
1 44060.354 0.0 0.0 1.32280829302 0.0 -1.74638333596e-20 -1.57860231651e-20 1.99487906962e-19 
1 43871.55751 0.0 0.0 0.0 0.0 -1.17419758133e-20 -9.50284953909e-22 -1.94091669831e-22 
1 43871.55751 0.0 0.0 1.32280829302 0.0 -1.29527013068e-20 -1.1708290996e-20 1.47957623048e-19 
1 6606.092652 0.0 0.0 0.0 0.0 -9.7844558654e-21 -7.91861722329e-22 -1.61734396961e-22 
1 6606.092652 0.0 0.0 1.32280829302 0.0 -2.07461748934e-20 -1.46613908636e-20 -3.53843352949e-20 
1 22.21114 0.0 0.0 0.844886285355 0.0 0.0 0.0 0.0 
1 6605.606417 0.0 0.0 0.0 0.0 -3.03126652718e-22 -2.45322168761e-23 -5.01060120814e-24 
1 6605.606417 0.0 0.0 1.32280829302 0.0 -1.6558562249e-20 4.33225096625e-21 4.31516921391e-20 
1 1513.294809 0.0 0.0 0.0 0.0 -1.29315335507e-23 -1.04655655569e-24 -2.13754736021e-25 
1 1513.294809 0.0 0.0 1.32280829302 0.0 -1.31849295763e-20 1.31616629438e-21 1.0850546601e-20 
1 1513.294809 0.0 0.0 3.04274048902e-05 0.0 0.0 0.0 0.0 
1 6605.606417 0.0 0.0 4.73437786735e-05 0.0 0.0 0.0 0.0 
1 43868.38861 0.0 0.0 0.0 0.0 -4.46166324118e-21 -3.61085009449e-22 -7.37500811167e-23 
1 43868.38861 0.0 0.0 1.32280829302 0.0 -9.46015263296e-21 -6.68552135964e-21 -1.61350810173e-20 
1 6606.092652 0.0 0.0 0.000144704306906 0.0 0.0 0.0 0.0 
1 437.37451 0.0 0.0 0.0152960815436 0.0 0.0 0.0 0.0 
1 6607.25861 0.0 0.0 0.000378109760453 0.0 0.0 0.0 0.0 
1 6605.463358 0.0 0.0 0.0 0.0 1.55383489305e-23 1.25752764543e-24 2.56844685963e-25 
1 6605.463358 0.0 0.0 1.32280829302 0.0 7.75867061332e-21 -1.59759751786e-21 -1.06073208772e-20 
1 6605.463358 0.0 0.0 1.86958476532e-05 0.0 0.0 0.0 0.0 
1 6605.404809 0.0 0.0 0.0 0.0 -1.75418724085e-24 -1.41967396955e-25 -2.89962384686e-26 
1 6605.404809 0.0 0.0 1.32280829302 0.0 -1.78856089603e-21 1.78540473285e-22 1.47189738396e-21 
1 6605.404809 0.0 0.0 6.97090264763e-06 0.0 0.0 0.0 0.0 
1 43867.222652 0.0 0.0 0.0 0.0 -7.94065789742e-22 -6.42642076941e-23 -1.31256917521e-23 
1 43867.222652 0.0 0.0 1.32280829302 0.0 -1.68367336697e-21 -1.18985757358e-21 -2.87164565275e-21 
1 1518.31751 0.0 0.0 0.00440626952266 0.0 0.0 0.0 0.0 
1 43866.736417 0.0 0.0 0.0 0.0 -2.4598961798e-23 -1.99080833159e-24 -4.0661415484e-25 
1 43866.736417 0.0 0.0 1.32280829302 0.0 -1.34374010514e-21 3.51565509212e-22 3.50179311827e-21 
1 43866.736417 0.0 0.0 7.12919158695e-06 0.0 0.0 0.0 0.0 
1 53.46674 0.0 0.0 1.12427004997 0.0 0.0 0.0 0.0 
1 43867.222652 0.0 0.0 2.17914424661e-05 0.0 0.0 0.0 0.0 
1 34.106 0.0 0.0 0.550222470184 0.0 0.0 0.0 0.0 
1 43868.38861 0.0 0.0 5.69491848103e-05 0.0 0.0 0.0 0.0 
1 43866.593358 0.0 0.0 0.0 0.0 1.26092581054e-24 1.02047461586e-25 2.08427610475e-26 
1 43866.593358 0.0 0.0 1.32280829302 0.0 6.29610525261e-22 -1.29643886499e-22 -8.60776439931e-22 
1 43866.593358 0.0 0.0 2.81523426294e-06 0.0 0.0 0.0 0.0 
1 6610.42751 0.0 0.0 0.0010120549934 0.0 0.0 0.0 0.0 
1 43866.534809 0.0 0.0 0.0 0.0 -1.42349957833e-25 -1.15204651474e-26 -2.35300612569e-27 
1 43866.534809 0.0 0.0 1.32280829302 0.0 -1.45139334161e-22 1.44883215724e-23 1.19442511986e-22 
1 43866.534809 0.0 0.0 1.04967565987e-06 0.0 0.0 0.0 0.0 
1 201.87874 0.0 0.0 1.27022626967 0.0 0.0 0.0 0.0 
1 43871.55751 0.0 0.0 0.000152493245048 0.0 0.0 0.0 0.0 
1 65.5847 0.0 0.0 0.286132094347 0.0 0.0 0.0 0.0 
1 65.5847 0.0 0.0 0.286132094347 0.0 0.0 0.0 0.0 
1 156.3354 0.0 0.0 0.120036073519 0.0 0.0 0.0 0.0 
1 65.3616 0.0 0.0 0.919669262249 0.0 0.0 0.0 0.0 
1 446.5034 0.0 0.0 0.0420285434962 0.0 0.0 0.0 0.0 
1 1527.4464 0.0 0.0 0.0122857912187 0.0 0.0 0.0 0.0 
1 6619.5564 0.0 0.0 0.00283491618382 0.0 0.0 0.0 0.0 
2 10.11502 0.0 0.0 0.0 1.94267777535 0.0 0.0 0.0 6.33181646706e-18 -2.5117800208e-17 2.67473517455e-17 0.0320097863597 0.0320097863597 0.0320097863597 
2 10.11502 0.0 0.0 1.32280829302 1.94267777535 0.0 0.0 0.0 3.93721242514e-18 -2.26435945411e-16 -2.27172211434e-17 0.0320097863597 0.0320097863597 0.0320097863597 
2 19.24391 0.0 0.0 0.0 3.17604696352 0.0 0.0 0.0 5.44111481888e-18 -2.15844593159e-17 2.29847805453e-17 0.0275069443053 0.0275069443053 0.0275069443053 
2 19.24391 0.0 0.0 1.32280829302 3.17604696352 0.0 0.0 0.0 3.38336162821e-18 -1.94583021241e-16 -1.95215716138e-17 0.0275069443053 0.0275069443053 0.0275069443053 
2 28.3728 0.0 0.0 0.0 1.67506151165 0.0 0.0 0.0 1.94635858555e-18 -7.72104598092e-18 8.22195936687e-18 0.00983959702986 0.00983959702986 0.00983959702986 
2 28.3728 0.0 0.0 1.32280829302 1.67506151165 0.0 0.0 0.0 1.21027310989e-18 -6.96049149121e-17 -6.98312382274e-18 0.00983959702986 0.00983959702986 0.00983959702986 
2 6.94612 0.0 0.0 0.0 2.14970796972 0.0 0.0 0.0 1.50725191287e-17 -5.33812046182e-17 3.65489419197e-17 0.0515805459192 0.0515805459192 0.0515805459192 
2 6.94612 0.0 0.0 1.32280829302 2.14970796972 0.0 0.0 0.0 -4.93730289919e-17 -8.30226737856e-17 -1.93095093866e-17 0.0515805459192 0.0515805459192 0.0515805459192 
2 59.6284 0.0 0.0 0.0 1.67456313347 0.0 0.0 0.0 9.2585432915e-19 -3.67278871431e-18 3.91106589013e-18 0.00468055248135 0.00468055248135 0.00468055248135 
2 59.6284 0.0 0.0 1.32280829302 1.67456313347 0.0 0.0 0.0 5.75709227765e-19 -3.3110040606e-17 -3.3217699299e-18 0.00468055248135 0.00468055248135 0.00468055248135 
2 3.77722 0.0 0.0 0.0 0.751006519722 0.0 0.0 0.0 1.2811558095e-17 -4.25859723623e-17 1.92714887914e-17 0.0331375332353 0.0331375332353 0.0331375332353 
2 3.77722 0.0 0.0 1.32280829302 0.751006519722 0.0 0.0 0.0 -6.75145868209e-17 1.27738998658e-16 -1.29291901897e-18 0.0331375332353 0.0331375332353 0.0331375332353 
2 16.07501 0.0 0.0 0.0 1.44461864602 0.0 0.0 0.0 4.37673874226e-18 -1.55007656229e-17 1.06130348034e-17 0.014977892663 0.014977892663 0.014977892663 
2 16.07501 0.0 0.0 1.32280829302 1.44461864602 0.0 0.0 0.0 -1.43368767335e-17 -2.41080173619e-17 -5.60707053044e-18 0.014977892663 0.014977892663 0.014977892663 
2 50.49951 0.0 0.0 0.0 1.27140758559 0.0 0.0 0.0 8.3002643869e-19 -3.29264727789e-18 3.50626225969e-18 0.00419610535359 0.00419610535359 0.00419610535359 
2 50.49951 0.0 0.0 1.32280829302 1.27140758559 0.0 0.0 0.0 5.16122099339e-19 -2.96830810462e-17 -2.97795968356e-18 0.00419610535359 0.00419610535359 0.00419610535359 
2 90.884 0.0 0.0 0.0 0.577070645085 0.0 0.0 0.0 2.09332105567e-19 -8.30403413003e-19 8.84276966708e-19 0.00105825492768 0.00105825492768 0.00105825492768 
2 90.884 0.0 0.0 1.32280829302 0.577070645085 0.0 0.0 0.0 1.30165643826e-19 -7.48605293216e-18 -7.51039414887e-19 0.00105825492768 0.00105825492768 0.00105825492768 
2 5.780162 0.0 0.0 0.0 0.459758633594 0.0 0.0 0.0 3.87381201552e-18 -1.37195879525e-17 9.39350145479e-18 0.0132567978081 0.0132567978081 0.0132567978081 
2 5.780162 0.0 0.0 1.32280829302 0.459758633594 0.0 0.0 0.0 -1.2689440386e-17 -2.13377888941e-17 -4.96276759291e-18 0.0132567978081 0.0132567978081 0.0132567978081 
2 2.611262 0.0 0.0 0.0 0.386672859643 0.0 0.0 0.0 9.54165621762e-18 -3.17167283605e-17 1.43528148166e-17 0.0246798201816 0.0246798201816 0.0246798201816 
2 2.611262 0.0 0.0 1.32280829302 0.386672859643 0.0 0.0 0.0 -5.02827971698e-17 9.51360952147e-17 -9.62926500022e-19 0.0246798201816 0.0246798201816 0.0246798201816 
2 5.293927 0.0 0.0 0.0 0.0155506101475 0.0 0.0 0.0 1.81076848078e-18 2.02055443707e-17 6.06079015059e-18 0.000489573875482 0.000489573875482 0.000489573875482 
2 5.293927 0.0 0.0 1.32280829302 0.0155506101475 0.0 0.0 0.0 5.48546158026e-18 -5.62146171222e-17 1.54589199269e-18 0.000489573875482 0.000489573875482 0.000489573875482 
2 47.33061 0.0 0.0 0.0 0.515411489745 0.0 0.0 0.0 5.30347655191e-19 -1.87829230527e-18 1.28602561266e-18 0.00181493361183 0.00181493361183 0.00181493361183 
2 47.33061 0.0 0.0 1.32280829302 0.515411489745 0.0 0.0 0.0 -1.73725904289e-18 -2.92126883328e-18 -6.79432080238e-19 0.00181493361183 0.00181493361183 0.00181493361183 
2 2.125027 0.0 0.0 0.0 0.0147192324824 0.0 0.0 0.0 4.37884892298e-18 4.73566275008e-17 1.41449521235e-17 0.00115443493835 0.00115443493835 0.00115443493835 
2 2.125027 0.0 0.0 1.32280829302 0.0147192324824 0.0 0.0 0.0 1.16879157303e-17 -1.26248055064e-16 4.03240349517e-18 0.00115443493835 0.00115443493835 0.00115443493835 
2 3.77722 0.0 0.0 0.66140414651 0.0 0.0 0.0 0.0 0.0 0.0 0.0 0.0 0.0 0.0 
2 208.0404 0.0 0.0 0.0 0.3978109287 0.0 0.0 0.0 6.30410331277e-20 -2.50078643821e-19 2.66302836831e-19 0.000318696856236 0.000318696856236 0.000318696856236 
2 208.0404 0.0 0.0 1.32280829302 0.3978109287 0.0 0.0 0.0 3.91997999651e-20 -2.25444878421e-18 -2.26177921947e-19 0.000318696856236 0.000318696856236 0.000318696856236 
2 14.909052 0.0 0.0 0.0 0.277205979423 0.0 0.0 0.0 9.05526623183e-19 -3.2070353699e-18 2.19578689367e-18 0.00309885541821 0.00309885541821 0.00309885541821 
2 14.909052 0.0 0.0 1.32280829302 0.277205979423 0.0 0.0 0.0 -2.96623224276e-18 -4.98783519852e-18 -1.160076473e-18 0.00309885541821 0.00309885541821 0.00309885541821 
2 5.293927 0.0 0.0 1.26373411836 0.0 0.0 0.0 0.0 0.0 0.0 0.0 0.0 0.0 0.0 
2 5.293927 0.0 0.0 0.0590741746554 0.0 0.0 0.0 0.0 0.0 0.0 0.0 0.0 0.0 0.0 
2 239.296 0.0 0.0 0.0 0.363312784641 0.0 0.0 0.0 5.00540857674e-20 -1.9856048141e-19 2.11442363386e-19 0.00025304280378 0.00025304280378 0.00025304280378 
2 239.296 0.0 0.0 1.32280829302 0.363312784641 0.0 0.0 0.0 3.11243336629e-20 -1.79001464926e-18 -1.79583495736e-19 0.00025304280378 0.00025304280378 0.00025304280378 
2 0.472834 0.0 0.0 0.0 0.000182353690727 0.0 0.0 0.0 4.62762236563e-19 5.35606706417e-18 1.53774990913e-18 6.42768535847e-05 6.42768535847e-05 6.42768535847e-05 
2 0.472834 0.0 0.0 1.32280829302 0.000182353690727 0.0 0.0 0.0 1.43248210585e-18 -1.43063029105e-17 4.51541770308e-19 6.42768535847e-05 6.42768535848e-05 6.42768535847e-05 
2 2.125027 0.0 0.0 1.17564104846 0.0 0.0 0.0 0.0 0.0 0.0 0.0 0.0 0.0 0.0 
2 2.125027 0.0 0.0 0.147167244562 0.0 0.0 0.0 0.0 0.0 0.0 0.0 0.0 0.0 0.0 
2 6.94612 0.0 0.0 0.963144341018 0.0 0.0 0.0 0.0 0.0 0.0 0.0 0.0 0.0 0.0 
2 6.94612 0.0 0.0 0.359663952002 0.0 0.0 0.0 0.0 0.0 0.0 0.0 0.0 0.0 0.0 
2 0.472834 0.0 0.0 0.66140414651 0.0 0.0 0.0 0.0 0.0 0.0 0.0 0.0 0.0 0.0 
2 198.91151 0.0 0.0 0.0 0.26753570848 0.0 0.0 0.0 4.43420874434e-20 -1.75901449292e-19 1.87313295663e-19 0.000224166438366 0.000224166438366 0.000224166438366 
2 198.91151 0.0 0.0 1.32280829302 0.26753570848 0.0 0.0 0.0 2.75725328659e-20 -1.58574439799e-18 -1.59090051276e-19 0.000224166438366 0.000224166438366 0.000224166438366 
2 5.780162 0.0 0.0 1.15742710499 0.0 0.0 0.0 0.0 0.0 0.0 0.0 0.0 0.0 0.0 
2 5.780162 0.0 0.0 0.16538118803 0.0 0.0 0.0 0.0 0.0 0.0 0.0 0.0 0.0 0.0 
2 14.422817 0.0 0.0 0.0 0.00887683216042 0.0 0.0 0.0 3.79403520378e-19 4.23359184058e-18 1.26989460211e-18 0.00010257857579 0.00010257857579 0.00010257857579 
2 14.422817 0.0 0.0 1.32280829302 0.00887683216042 0.0 0.0 0.0 1.14934816712e-18 -1.17784376409e-17 3.23904944436e-19 0.00010257857579 0.00010257857579 0.00010257857579 
2 2.611262 0.0 0.0 0.95672857426 0.0 0.0 0.0 0.0 0.0 0.0 0.0 0.0 0.0 0.0 
2 2.611262 0.0 0.0 0.36607971876 0.0 0.0 0.0 0.0 0.0 0.0 0.0 0.0 0.0 0.0 
2 0.959069 0.0 0.0 0.0 0.0058042741799 0.0 0.0 0.0 3.82593260063e-18 4.13769162166e-17 1.23588720267e-17 0.00100866468417 0.00100866468417 0.00100866468417 
2 0.959069 0.0 0.0 1.32280829302 0.0058042741799 0.0 0.0 0.0 1.02120850964e-17 -1.10306739998e-16 3.52323276331e-18 0.00100866468417 0.00100866468417 0.00100866468417 
2 1.445304 0.0 0.0 0.0 0.0621660243621 0.0 0.0 0.0 2.77156081933e-18 -9.21274458402e-18 4.1690560093e-18 0.00716873686114 0.00716873686114 0.00716873686114 
2 1.445304 0.0 0.0 1.32280829302 0.0621660243621 0.0 0.0 0.0 -1.46056226869e-17 2.76341410744e-17 -2.79700850512e-19 0.00716873686114 0.00716873686114 0.00716873686114 
2 5.150868 0.0 0.0 0.0 -0.000819249720531 0.0 0.0 0.0 -1.58192234779e-18 -9.18843396555e-18 -3.28975726705e-18 -2.65084681045e-05 -2.65084681045e-05 -2.65084681045e-05 
2 5.150868 0.0 0.0 1.32280829302 -0.000819249720531 0.0 0.0 0.0 -2.64791929283e-18 2.38727585201e-17 -7.53592771121e-19 -2.65084681045e-05 -2.65084681045e-05 -2.65084681045e-05 
2 0.329775 0.0 0.0 0.0 -2.68044476457e-05 0.0 0.0 0.0 -8.55848029736e-19 -5.26537053262e-18 -1.83757758296e-18 -1.35468363003e-05 -1.35468363004e-05 -1.35468363003e-05 
2 0.329775 0.0 0.0 1.32280829302 -2.68044476457e-05 0.0 0.0 0.0 -1.50330768022e-18 1.36595546143e-17 -4.3750459474e-19 -1.35468363003e-05 -1.35468363004e-05 -1.35468363004e-05 
2 0.959069 0.0 0.0 0.996727095305 0.0 0.0 0.0 0.0 0.0 0.0 0.0 0.0 0.0 0.0 
2 0.959069 0.0 0.0 0.326081197715 0.0 0.0 0.0 0.0 0.0 0.0 0.0 0.0 0.0 0.0 
2 14.422817 0.0 0.0 1.30112498606 0.0 0.0 0.0 0.0 0.0 0.0 0.0 0.0 0.0 0.0 
2 14.422817 0.0 0.0 0.0216833069581 0.0 0.0 0.0 0.0 0.0 0.0 0.0 0.0 0.0 0.0 
2 1.981968 0.0 0.0 0.0 -0.000808954917236 0.0 0.0 0.0 -4.06596325139e-18 -2.35624083488e-17 -8.43355970776e-18 -6.80262342981e-05 -6.80262342981e-05 -6.80262342981e-05 
2 1.981968 0.0 0.0 1.32280829302 -0.000808954917236 0.0 0.0 0.0 -6.72162868282e-18 6.08907344958e-17 -1.95668744872e-18 -6.80262342981e-05 -6.80262342982e-05 -6.80262342981e-05 
2 387.708 0.0 0.0 0.0 0.0929289585048 0.0 0.0 0.0 7.90206503224e-21 -3.13468483717e-20 3.33805179024e-20 3.99480014619e-05 3.99480014619e-05 3.99480014619e-05 
2 387.708 0.0 0.0 1.32280829302 0.0929289585048 0.0 0.0 0.0 4.91361504097e-21 -2.82590560795e-19 -2.83509415917e-20 3.99480014619e-05 3.99480014619e-05 3.99480014619e-05 
2 5.150868 0.0 0.0 1.29883277343 0.0 0.0 0.0 0.0 0.0 0.0 0.0 0.0 0.0 0.0 
2 5.150868 0.0 0.0 0.0239755195862 0.0 0.0 0.0 0.0 0.0 0.0 0.0 0.0 0.0 0.0 
2 0.329775 0.0 0.0 0.948326489913 0.0 0.0 0.0 0.0 0.0 0.0 0.0 0.0 0.0 0.0 
2 0.329775 0.0 0.0 0.374481803107 0.0 0.0 0.0 0.0 0.0 0.0 0.0 0.0 0.0 0.0 
2 1.981968 0.0 0.0 1.26049914544 0.0 0.0 0.0 0.0 0.0 0.0 0.0 0.0 0.0 0.0 
2 1.981968 0.0 0.0 0.0623091475845 0.0 0.0 0.0 0.0 0.0 0.0 0.0 0.0 0.0 0.0 
2 1.445304 0.0 0.0 0.66140414651 0.0 0.0 0.0 0.0 0.0 0.0 0.0 0.0 0.0 0.0 
2 14.909052 0.0 0.0 1.25869086566 0.0 0.0 0.0 0.0 0.0 0.0 0.0 0.0 0.0 0.0 
2 14.909052 0.0 0.0 0.0641174273567 0.0 0.0 0.0 0.0 0.0 0.0 0.0 0.0 0.0 0.0 
2 0.186716 0.0 0.0 0.0 1.21334526834e-06 0.0 0.0 0.0 1.29051116168e-19 7.51674440532e-19 2.67914538737e-19 1.0830577529e-06 1.0830577529e-06 1.0830577529e-06 
2 0.186716 0.0 0.0 1.32280829302 1.21334526834e-06 0.0 0.0 0.0 2.16239114726e-19 -1.94307937283e-18 6.23477938793e-20 1.0830577529e-06 1.0830577529e-06 1.0830577529e-06 
2 16.07501 0.0 0.0 1.16739507895 0.0 0.0 0.0 0.0 0.0 0.0 0.0 0.0 0.0 0.0 
2 16.07501 0.0 0.0 0.155413214068 0.0 0.0 0.0 0.0 0.0 0.0 0.0 0.0 0.0 0.0 
2 0.186716 0.0 0.0 0.66140414651 0.0 0.0 0.0 0.0 0.0 0.0 0.0 0.0 0.0 0.0 
2 10.11502 0.0 0.0 0.66140414651 0.0 0.0 0.0 0.0 0.0 0.0 0.0 0.0 0.0 0.0 
2 46.164652 0.0 0.0 0.0 0.094044799945 0.0 0.0 0.0 9.92142102775e-20 -3.51379488367e-19 2.40581841567e-19 0.000339526729762 0.000339526729762 0.000339526729762 
2 46.164652 0.0 0.0 1.32280829302 0.094044799945 0.0 0.0 0.0 -3.24995844331e-19 -5.46493186998e-19 -1.27104016805e-19 0.000339526729762 0.000339526729762 0.000339526729762 
2 0.81601 0.0 0.0 0.0 -0.000349682285546 0.0 0.0 0.0 -4.26887972985e-18 -2.47383168926e-17 -8.8544460097e-18 -7.14211601872e-05 -7.14211601872e-05 -7.14211601872e-05 
2 0.81601 0.0 0.0 1.32280829302 -0.000349682285546 0.0 0.0 0.0 -7.05707913759e-18 6.39295552254e-17 -2.05433814106e-18 -7.14211601872e-05 -7.14211601873e-05 -7.14211601872e-05 
2 14.279758 0.0 0.0 0.0 -0.000459577326479 0.0 0.0 0.0 -3.20100996994e-19 -1.85927386215e-18 -6.65680324021e-19 -5.36397193004e-06 -5.36397193004e-06 -5.36397193004e-06 
2 14.279758 0.0 0.0 1.32280829302 -0.000459577326479 0.0 0.0 0.0 -5.35804811646e-19 4.83063774525e-18 -1.52489025584e-19 -5.36397193004e-06 -5.36397193005e-06 -5.36397193004e-06 
2 0.81601 0.0 0.0 1.17146855868 0.0 0.0 0.0 0.0 0.0 0.0 0.0 0.0 0.0 0.0 
2 0.81601 0.0 0.0 0.151339734341 0.0 0.0 0.0 0.0 0.0 0.0 0.0 0.0 0.0 0.0 
2 195.74261 0.0 0.0 0.0 0.103295292759 0.0 0.0 0.0 2.57006327042e-20 -9.10219931705e-20 6.23207656252e-20 8.79516326387e-05 8.79516326387e-05 8.79516326387e-05 
2 195.74261 0.0 0.0 1.32280829302 0.103295292759 0.0 0.0 0.0 -8.41875251757e-20 -1.41564606875e-19 -3.29252598191e-20 8.79516326387e-05 8.79516326387e-05 8.79516326387e-05 
2 14.279758 0.0 0.0 1.31416005566 0.0 0.0 0.0 0.0 0.0 0.0 0.0 0.0 0.0 0.0 
2 14.279758 0.0 0.0 0.00864823735947 0.0 0.0 0.0 0.0 0.0 0.0 0.0 0.0 0.0 0.0 
2 0.271226 0.0 0.0 0.0 3.67926018442e-06 0.0 0.0 0.0 -2.17048574851e-20 1.10212048272e-18 4.14139424445e-19 2.26088218215e-06 2.26088218215e-06 2.26088218215e-06 
2 0.271226 0.0 0.0 1.32280829302 3.67926018442e-06 0.0 0.0 0.0 1.92152270236e-19 -2.06966910398e-18 8.53018392462e-20 2.26088218215e-06 2.26088218216e-06 2.26088218215e-06 
2 45.678417 0.0 0.0 0.0 0.00294434560877 0.0 0.0 0.0 3.97348138135e-20 4.43382769301e-19 1.32995670486e-19 1.0743022643e-05 1.0743022643e-05 1.0743022643e-05 
2 45.678417 0.0 0.0 1.32280829302 0.00294434560877 0.0 0.0 0.0 1.20370879484e-19 -1.23355214577e-18 3.39224650515e-20 1.0743022643e-05 1.0743022643e-05 1.0743022643e-05 
2 0.271226 0.0 0.0 1.1530397831 0.0 0.0 0.0 0.0 0.0 0.0 0.0 0.0 0.0 0.0 
2 0.271226 0.0 0.0 0.169768509921 0.0 0.0 0.0 0.0 0.0 0.0 0.0 0.0 0.0 0.0 
2 5.092319 0.0 0.0 0.0 9.35509817436e-05 0.0 0.0 0.0 -4.01131519454e-20 1.36379325705e-18 5.25508227212e-19 3.06183298623e-06 3.06183298623e-06 3.06183298623e-06 
2 5.092319 0.0 0.0 1.32280829302 9.35509817437e-05 0.0 0.0 0.0 2.26295145513e-19 -2.47296856812e-18 1.03680172451e-19 3.06183298623e-06 3.06183298623e-06 3.06183298623e-06 
2 0.128167 0.0 0.0 0.0 -3.99104790889e-07 0.0 0.0 0.0 -2.4069370804e-20 -4.11468466771e-19 -1.53049507157e-19 -5.18990575953e-07 -5.18990575954e-07 -5.18990575953e-07 
2 0.128167 0.0 0.0 1.32280829302 -3.9910479089e-07 0.0 0.0 0.0 -9.01356635467e-20 8.82892716889e-19 -3.26965102041e-20 -5.18990575953e-07 -5.18990575955e-07 -5.18990575954e-07 
2 5.092319 0.0 0.0 1.31376611914 0.0 0.0 0.0 0.0 0.0 0.0 0.0 0.0 0.0 0.0 
2 5.092319 0.0 0.0 0.00904217388418 0.0 0.0 0.0 0.0 0.0 0.0 0.0 0.0 0.0 0.0 
2 1.923419 0.0 0.0 0.0 9.4105343494e-05 0.0 0.0 0.0 -1.06060487071e-19 3.63004605302e-18 1.39851016655e-18 8.15434594109e-06 8.15434594109e-06 8.15434594109e-06 
2 1.923419 0.0 0.0 1.32280829302 9.4105343494e-05 0.0 0.0 0.0 5.9386623016e-19 -6.54150981347e-18 2.78857960366e-19 8.15434594108e-06 8.1543459411e-06 8.1543459411e-06 
2 0.128167 0.0 0.0 0.963545504067 0.0 0.0 0.0 0.0 0.0 0.0 0.0 0.0 0.0 0.0 
2 0.128167 0.0 0.0 0.359262788953 0.0 0.0 0.0 0.0 0.0 0.0 0.0 0.0 0.0 0.0 
2 1.923419 0.0 0.0 1.29886882176 0.0 0.0 0.0 0.0 0.0 0.0 0.0 0.0 0.0 0.0 
2 1.923419 0.0 0.0 0.0239394712602 0.0 0.0 0.0 0.0 0.0 0.0 0.0 0.0 0.0 0.0 
2 45.678417 0.0 0.0 1.31596185681 0.0 0.0 0.0 0.0 0.0 0.0 0.0 0.0 0.0 0.0 
2 45.678417 0.0 0.0 0.00684643621102 0.0 0.0 0.0 0.0 0.0 0.0 0.0 0.0 0.0 0.0 
2 0.069618 0.0 0.0 0.0 4.14742795206e-08 0.0 0.0 0.0 -2.62124537025e-21 8.85289827663e-20 3.39997397784e-20 9.92901249689e-08 9.92901249691e-08 9.9290124969e-08 
2 0.069618 0.0 0.0 1.32280829302 4.14742795206e-08 0.0 0.0 0.0 1.46645337849e-20 -1.59686098344e-19 6.79481513634e-21 9.92901249689e-08 9.92901249694e-08 9.92901249692e-08 
2 0.069618 0.0 0.0 0.66140414651 0.0 0.0 0.0 0.0 0.0 0.0 0.0 0.0 0.0 0.0 
2 46.164652 0.0 0.0 1.30210132314 0.0 0.0 0.0 0.0 0.0 0.0 0.0 0.0 0.0 0.0 
2 46.164652 0.0 0.0 0.0207069698818 0.0 0.0 0.0 0.0 0.0 0.0 0.0 0.0 0.0 0.0 
2 0.757461 0.0 0.0 0.0 4.25281082503e-05 0.0 0.0 0.0 -1.21710773537e-19 4.1656956826e-18 1.60487433982e-18 9.35760130451e-06 9.35760130451e-06 9.35760130451e-06 
2 0.757461 0.0 0.0 1.32280829302 4.25281082503e-05 0.0 0.0 0.0 6.81497136644e-19 -7.50677506279e-18 3.20006243609e-19 9.3576013045e-06 9.35760130453e-06 9.35760130452e-06 
2 0.757461 0.0 0.0 1.26201884792 0.0 0.0 0.0 0.0 0.0 0.0 0.0 0.0 0.0 0.0 
2 0.757461 0.0 0.0 0.0607894450958 0.0 0.0 0.0 0.0 0.0 0.0 0.0 0.0 0.0 0.0 
2 14.221209 0.0 0.0 0.0 5.20966924511e-05 0.0 0.0 0.0 -7.99885221713e-21 2.71950225519e-19 1.04790136015e-19 6.10551611694e-07 6.10551611694e-07 6.10551611694e-07 
2 14.221209 0.0 0.0 1.32280829302 5.20966924512e-05 0.0 0.0 0.0 4.51248864432e-20 -4.93127793621e-19 2.06745752219e-20 6.10551611694e-07 6.10551611695e-07 6.10551611694e-07 
2 47.33061 0.0 0.0 1.27002492576 0.0 0.0 0.0 0.0 0.0 0.0 0.0 0.0 0.0 0.0 
2 47.33061 0.0 0.0 0.0527833672602 0.0 0.0 0.0 0.0 0.0 0.0 0.0 0.0 0.0 0.0 
2 14.221209 0.0 0.0 1.31957047872 0.0 0.0 0.0 0.0 0.0 0.0 0.0 0.0 0.0 0.0 
2 14.221209 0.0 0.0 0.00323781430058 0.0 0.0 0.0 0.0 0.0 0.0 0.0 0.0 0.0 0.0 
2 45.535358 0.0 0.0 0.0 -0.000151398794146 0.0 0.0 0.0 -3.30691430422e-20 -1.92078731023e-19 -6.87704132825e-20 -5.54143713061e-07 -5.54143713061e-07 -5.54143713061e-07 
2 45.535358 0.0 0.0 1.32280829302 -0.000151398794146 0.0 0.0 0.0 -5.53531732966e-20 4.99045776436e-19 -1.57534073519e-20 -5.54143713061e-07 -5.54143713062e-07 -5.54143713062e-07 
2 45.535358 0.0 0.0 1.32009623053 0.0 0.0 0.0 0.0 0.0 0.0 0.0 0.0 0.0 0.0 
2 45.535358 0.0 0.0 0.00271206249481 0.0 0.0 0.0 0.0 0.0 0.0 0.0 0.0 0.0 0.0 
2 194.576652 0.0 0.0 0.0 0.0184936798366 0.0 0.0 0.0 4.62893697207e-21 -1.63939570791e-20 1.12245834354e-20 1.58409549197e-05 1.58409549197e-05 1.58409549197e-05 
2 194.576652 0.0 0.0 1.32280829302 0.0184936798366 0.0 0.0 0.0 -1.51630021081e-20 -2.54971793981e-20 -5.93016344174e-21 1.58409549197e-05 1.58409549197e-05 1.58409549197e-05 
2 19.24391 0.0 0.0 0.975159807342 0.0 0.0 0.0 0.0 0.0 0.0 0.0 0.0 0.0 0.0 
2 19.24391 0.0 0.0 0.347648485678 0.0 0.0 0.0 0.0 0.0 0.0 0.0 0.0 0.0 0.0 
2 194.090417 0.0 0.0 0.0 0.000574335215985 0.0 0.0 0.0 1.82412583434e-21 2.03545930222e-20 6.10549830506e-21 4.93185276621e-07 4.93185276621e-07 4.93185276621e-07 
2 194.090417 0.0 0.0 1.32280829302 0.000574335215985 0.0 0.0 0.0 5.52592575367e-21 -5.66292910712e-20 1.55729545269e-21 4.93185276621e-07 4.93185276621e-07 4.93185276621e-07 
2 45.476809 0.0 0.0 0.0 1.71138773965e-05 0.0 0.0 0.0 -8.21698460658e-22 2.79366433607e-20 1.07647811359e-20 6.27201635763e-08 6.27201635764e-08 6.27201635763e-08 
2 45.476809 0.0 0.0 1.32280829302 1.71138773965e-05 0.0 0.0 0.0 4.63554629104e-21 -5.06575616009e-20 2.12383804244e-21 6.27201635763e-08 6.27201635765e-08 6.27201635764e-08 
2 194.090417 0.0 0.0 1.32119701116 0.0 0.0 0.0 0.0 0.0 0.0 0.0 0.0 0.0 0.0 
2 194.090417 0.0 0.0 0.00161128186051 0.0 0.0 0.0 0.0 0.0 0.0 0.0 0.0 0.0 0.0 
2 45.476809 0.0 0.0 1.321795785 0.0 0.0 0.0 0.0 0.0 0.0 0.0 0.0 0.0 0.0 
2 45.476809 0.0 0.0 0.00101250802077 0.0 0.0 0.0 0.0 0.0 0.0 0.0 0.0 0.0 0.0 
2 194.576652 0.0 0.0 1.31789542167 0.0 0.0 0.0 0.0 0.0 0.0 0.0 0.0 0.0 0.0 
2 194.576652 0.0 0.0 0.00491287134783 0.0 0.0 0.0 0.0 0.0 0.0 0.0 0.0 0.0 0.0 
2 195.74261 0.0 0.0 1.31004526217 0.0 0.0 0.0 0.0 0.0 0.0 0.0 0.0 0.0 0.0 
2 195.74261 0.0 0.0 0.012763030851 0.0 0.0 0.0 0.0 0.0 0.0 0.0 0.0 0.0 0.0 
2 193.947358 0.0 0.0 0.0 -2.94616463313e-05 0.0 0.0 0.0 -1.51085373936e-21 -8.77563923106e-21 -3.14196336847e-21 -2.53175626581e-08 -2.53175626582e-08 -2.53175626581e-08 
2 193.947358 0.0 0.0 1.32280829302 -2.94616463313e-05 0.0 0.0 0.0 -2.52896026831e-21 2.28002635713e-20 -7.19737260047e-22 -2.53175626581e-08 -2.53175626582e-08 -2.53175626582e-08 
2 193.947358 0.0 0.0 1.32217154943 0.0 0.0 0.0 0.0 0.0 0.0 0.0 0.0 0.0 0.0 
2 193.947358 0.0 0.0 0.000636743588019 0.0 0.0 0.0 0.0 0.0 0.0 0.0 0.0 0.0 0.0 
2 193.888809 0.0 0.0 0.0 3.32701964568e-06 0.0 0.0 0.0 -3.74676679816e-23 1.27385035761e-21 4.90850676746e-22 2.8599034526e-09 2.8599034526e-09 2.8599034526e-09 
2 193.888809 0.0 0.0 1.32280829302 3.32701964568e-06 0.0 0.0 0.0 2.11370858852e-22 -2.30987495985e-21 9.68424092668e-23 2.8599034526e-09 2.8599034526e-09 2.8599034526e-09 
2 193.888809 0.0 0.0 1.32257080828 0.0 0.0 0.0 0.0 0.0 0.0 0.0 0.0 0.0 0.0 
2 193.888809 0.0 0.0 0.000237484742463 0.0 0.0 0.0 0.0 0.0 0.0 0.0 0.0 0.0 0.0 
2 50.49951 0.0 0.0 1.19032945966 0.0 0.0 0.0 0.0 0.0 0.0 0.0 0.0 0.0 0.0 
2 50.49951 0.0 0.0 0.13247883336 0.0 0.0 0.0 0.0 0.0 0.0 0.0 0.0 0.0 0.0 
2 198.91151 0.0 0.0 1.28917466282 0.0 0.0 0.0 0.0 0.0 0.0 0.0 0.0 0.0 0.0 
2 198.91151 0.0 0.0 0.0336336302008 0.0 0.0 0.0 0.0 0.0 0.0 0.0 0.0 0.0 0.0 
2 28.3728 0.0 0.0 0.66140414651 0.0 0.0 0.0 0.0 0.0 0.0 0.0 0.0 0.0 0.0 
2 59.6284 0.0 0.0 1.008094372 0.0 0.0 0.0 0.0 0.0 0.0 0.0 0.0 0.0 0.0 
2 59.6284 0.0 0.0 0.314713921019 0.0 0.0 0.0 0.0 0.0 0.0 0.0 0.0 0.0 0.0 
2 208.0404 0.0 0.0 1.23260519993 0.0 0.0 0.0 0.0 0.0 0.0 0.0 0.0 0.0 0.0 
2 208.0404 0.0 0.0 0.090203093092 0.0 0.0 0.0 0.0 0.0 0.0 0.0 0.0 0.0 0.0 
