740

0 79.62 0.0 0.0 0.0 380.074250597 
0 79.62 0.0 0.0 1.32280829302 380.074250597 
0 24.44 0.0 0.0 0.0 59.5831851744 
0 24.44 0.0 0.0 1.32280829302 59.5831851744 
0 52.03 0.0 0.0 0.0 -283.085044151 
0 52.03 0.0 0.0 1.32280829302 -283.085044151 
0 10.018 0.0 0.0 0.0 4.00964030955 
0 10.018 0.0 0.0 1.32280829302 4.00964030955 
0 17.229 0.0 0.0 0.0 -7.37669935837 
0 17.229 0.0 0.0 1.32280829302 -7.37669935838 
0 44.819 0.0 0.0 0.0 39.9085695796 
0 44.819 0.0 0.0 1.32280829302 39.9085695796 
0 2.572 0.0 0.0 0.0 0.491060190744 
0 2.572 0.0 0.0 1.32280829302 0.491060190744 
0 6.295 0.0 0.0 0.0 -2.06128318351 
0 6.295 0.0 0.0 1.32280829302 -2.06128318351 
0 1.0256 0.0 0.0 0.0 0.123897416369 
0 1.0256 0.0 0.0 1.32280829302 0.123897416369 
0 1.7988 0.0 0.0 0.0 0.325044228025 
0 1.7988 0.0 0.0 1.32280829302 0.325044228025 
0 13.506 0.0 0.0 0.0 2.40219625075 
0 13.506 0.0 0.0 1.32280829302 2.40219625075 
0 5.5218 0.0 0.0 0.0 -0.527143757422 
0 5.5218 0.0 0.0 1.32280829302 -0.527143757422 
0 0.17116 0.0 0.0 0.0 0.0234005987204 
0 0.17116 0.0 0.0 1.32280829302 0.0234005987204 
0 1.0256 0.0 0.0 0.66140414651 0.0 
0 0.17116 0.0 0.0 0.66140414651 0.0 
0 1.7988 0.0 0.0 0.945703505016 0.0 
0 1.7988 0.0 0.0 0.377104788003 0.0 
0 41.096 0.0 0.0 0.0 -8.26525799793 
0 41.096 0.0 0.0 1.32280829302 -8.26525799793 
0 0.59838 0.0 0.0 0.0 -0.0371812027892 
0 0.59838 0.0 0.0 1.32280829302 -0.0371812027892 
0 0.066 0.0 0.0 0.0 0.000196517788978 
0 0.066 0.0 0.0 1.32280829302 0.000196517788978 
0 0.11858 0.0 0.0 0.0 -0.00427618715299 
0 0.11858 0.0 0.0 1.32280829302 -0.00427618715299 
0 0.066 0.0 0.0 0.66140414651 0.0 
0 0.11858 0.0 0.0 0.954679825575 0.0 
0 0.11858 0.0 0.0 0.368128467445 0.0 
0 12.7328 0.0 0.0 0.0 -2.28676860169 
0 12.7328 0.0 0.0 1.32280829302 -2.28676860169 
0 0.59838 0.0 0.0 1.13362093095 0.0 
0 0.59838 0.0 0.0 0.189187362072 0.0 
0 2.572 0.0 0.0 0.66140414651 0.0 
0 1.37158 0.0 0.0 0.0 -0.151835747178 
0 1.37158 0.0 0.0 1.32280829302 -0.151835747178 
0 1.37158 0.0 0.0 1.24027141313 0.0 
0 1.37158 0.0 0.0 0.0825368798879 0.0 
0 5.5218 0.0 0.0 1.19996137849 0.0 
0 5.5218 0.0 0.0 0.122846914532 0.0 
0 0.5458 0.0 0.0 0.0 0.0039687801035 
0 0.5458 0.0 0.0 1.32280829302 0.0039687801035 
0 0.5458 0.0 0.0 1.24282904482 0.0 
0 0.5458 0.0 0.0 0.0799792482038 0.0 
0 40.3228 0.0 0.0 0.0 4.81152188583 
0 40.3228 0.0 0.0 1.32280829302 4.81152188583 
0 12.7328 0.0 0.0 1.26953359361 0.0 
0 12.7328 0.0 0.0 0.053274699411 0.0 
0 5.09458 0.0 0.0 0.0 0.214095601152 
0 5.09458 0.0 0.0 1.32280829302 0.214095601152 
0 6.295 0.0 0.0 1.0525729531 0.0 
0 6.295 0.0 0.0 0.270235339924 0.0 
0 1.319 0.0 0.0 0.0 0.0139120047129 
0 1.319 0.0 0.0 1.32280829302 0.0139120047129 
0 1.319 0.0 0.0 1.28971301351 0.0 
0 1.319 0.0 0.0 0.0330952795069 0.0 
0 5.09458 0.0 0.0 1.30058743601 0.0 
0 5.09458 0.0 0.0 0.0222208570121 0.0 
0 12.30558 0.0 0.0 0.0 0.209508189734 
0 12.30558 0.0 0.0 1.32280829302 0.209508189734 
0 13.506 0.0 0.0 1.19685453433 0.0 
0 13.506 0.0 0.0 0.125953758687 0.0 
0 40.3228 0.0 0.0 1.30598564944 0.0 
0 40.3228 0.0 0.0 0.0168226435828 0.0 
0 12.30558 0.0 0.0 1.31360873203 0.0 
0 12.30558 0.0 0.0 0.00919956098913 0.0 
0 5.042 0.0 0.0 0.0 -0.018804561312 
0 5.042 0.0 0.0 1.32280829302 -0.018804561312 
0 5.042 0.0 0.0 1.31415048388 0.0 
0 5.042 0.0 0.0 0.00865780913718 0.0 
0 39.89558 0.0 0.0 0.0 -0.52537087095 
0 39.89558 0.0 0.0 1.32280829302 -0.52537087095 
0 12.253 0.0 0.0 0.0 -0.0331895832905 
0 12.253 0.0 0.0 1.32280829302 -0.0331895832905 
0 39.89558 0.0 0.0 1.31997073724 0.0 
0 39.89558 0.0 0.0 0.00283755578229 0.0 
0 12.253 0.0 0.0 1.31924568193 0.0 
0 12.253 0.0 0.0 0.00356261108869 0.0 
0 41.096 0.0 0.0 1.28141420443 0.0 
0 41.096 0.0 0.0 0.0413940885931 0.0 
0 39.843 0.0 0.0 0.0 0.0829621808223 
0 39.843 0.0 0.0 1.32280829302 0.0829621808223 
0 39.843 0.0 0.0 1.32171267588 0.0 
0 39.843 0.0 0.0 0.00109561713901 0.0 
0 10.018 0.0 0.0 0.66140414651 0.0 
0 17.229 0.0 0.0 0.938227252928 0.0 
0 17.229 0.0 0.0 0.384581040092 0.0 
0 44.819 0.0 0.0 1.17497039526 0.0 
0 44.819 0.0 0.0 0.147837897761 0.0 
0 24.44 0.0 0.0 0.66140414651 0.0 
0 52.03 0.0 0.0 1.01212758303 0.0 
0 52.03 0.0 0.0 0.310680709989 0.0 
1 36.8828 0.0 0.0 0.0183916647505 0.0 0.0 0.0 0.0 
1 15.2928 0.0 0.0 0.0443565660089 0.0 0.0 0.0 0.0 
1 6.7878 0.0 0.0 0.0999346021775 0.0 0.0 0.0 0.0 
1 2.9918 0.0 0.0 0.226731764376 0.0 0.0 0.0 0.0 
1 1.5288 0.0 0.0 0.443704927172 0.0 0.0 0.0 0.0 
1 3.765 0.0 0.0 0.451827746301 0.0 0.0 0.0 0.0 
1 2.302 0.0 0.0 0.738979784893 0.0 0.0 0.0 0.0 
1 7.561 0.0 0.0 0.224987629259 0.0 0.0 0.0 0.0 
1 0.911 0.0 0.0 0.744606029265 0.0 0.0 0.0 0.0 
1 16.066 0.0 0.0 0.105883945277 0.0 0.0 0.0 0.0 
1 36.45558 0.0 0.0 0.00310531155221 0.0 0.0 0.0 0.0 
1 14.86558 0.0 0.0 0.00761530553915 0.0 0.0 0.0 0.0 
1 6.36058 0.0 0.0 0.0177980520199 0.0 0.0 0.0 0.0 
1 37.656 0.0 0.0 0.0451755753352 0.0 0.0 0.0 0.0 
1 2.56458 0.0 0.0 0.0441420948914 0.0 0.0 0.0 0.0 
1 1.10158 0.0 0.0 0.102766874595 0.0 0.0 0.0 0.0 
1 1.6842 0.0 0.0 1.01005312007 0.0 0.0 0.0 0.0 
1 0.48378 0.0 0.0 0.23400292223 0.0 0.0 0.0 0.0 
1 6.025 0.0 0.0 1.09974219747 0.0 0.0 0.0 0.0 
1 36.403 0.0 0.0 0.00119915044556 0.0 0.0 0.0 0.0 
1 14.813 0.0 0.0 0.00294691646997 0.0 0.0 0.0 0.0 
1 6.308 0.0 0.0 0.00692020825454 0.0 0.0 0.0 0.0 
1 2.512 0.0 0.0 0.0173776567156 0.0 0.0 0.0 0.0 
1 1.049 0.0 0.0 0.0416136069301 0.0 0.0 0.0 0.0 
1 5.4072 0.0 0.0 1.22539331627 0.0 0.0 0.0 0.0 
1 0.4312 0.0 0.0 0.101235328547 0.0 0.0 0.0 0.0 
1 13.236 0.0 0.0 1.22126906473 0.0 0.0 0.0 0.0 
1 7.488 0.0 0.0 0.884875365884 0.0 0.0 0.0 0.0 
1 12.6182 0.0 0.0 1.28106364939 0.0 0.0 0.0 0.0 
1 40.826 0.0 0.0 1.28988875092 0.0 0.0 0.0 0.0 
1 40.2082 0.0 0.0 1.30970792388 0.0 0.0 0.0 0.0 
1 14.699 0.0 0.0 1.099715446 0.0 0.0 0.0 0.0 
1 11.284 0.0 0.0 0.58719839948 0.0 0.0 0.0 0.0 
1 42.289 0.0 0.0 1.24526468219 0.0 0.0 0.0 0.0 
1 19.789 0.0 0.0 0.334829791285 0.0 0.0 0.0 0.0 
1 41.379 0.0 0.0 0.160128247172 0.0 0.0 0.0 0.0 
1 18.495 0.0 0.0 0.874004722395 0.0 0.0 0.0 0.0 
1 46.085 0.0 0.0 1.14269280992 0.0 0.0 0.0 0.0 
1 27.0 0.0 0.0 0.598693234841 0.0 0.0 0.0 0.0 
1 48.59 0.0 0.0 0.332675804501 0.0 0.0 0.0 0.0 
1 54.59 0.0 0.0 0.964663823871 0.0 0.0 0.0 0.0 
1 76.18 0.0 0.0 0.691270650369 0.0 0.0 0.0 0.0 
1 76.18 0.0 0.0 0.0 0.0 0.0 0.0 0.0 
1 76.18 0.0 0.0 1.32280829302 0.0 -9.85085866909e-14 -2.71330084536e-13 8.70104336935e-13 
1 48.59 0.0 0.0 0.0 0.0 0.0 0.0 0.0 
1 48.59 0.0 0.0 1.32280829302 0.0 4.55355758239e-14 1.25961258525e-13 -3.94366116928e-13 
1 54.59 0.0 0.0 0.0 0.0 0.0 0.0 0.0 
1 54.59 0.0 0.0 1.32280829302 0.0 1.02480765658e-13 2.32369486978e-13 -1.14762761594e-12 
1 27.0 0.0 0.0 0.0 0.0 0.0 0.0 0.0 
1 27.0 0.0 0.0 1.32280829302 0.0 -8.41727116197e-14 -1.72045832562e-13 8.39517173403e-13 
1 41.379 0.0 0.0 0.0 0.0 0.0 0.0 0.0 
1 41.379 0.0 0.0 1.32280829302 0.0 0.0 -2.23740122879e-14 1.07769890603e-13 
1 19.789 0.0 0.0 0.0 0.0 0.0 0.0 0.0 
1 19.789 0.0 0.0 1.32280829302 0.0 3.10696275768e-14 7.81399501297e-14 -2.96316932006e-13 
1 18.495 0.0 0.0 0.0 0.0 0.0 0.0 0.0 
1 18.495 0.0 0.0 1.32280829302 0.0 5.00238075894e-14 5.47090803262e-14 -4.11107346702e-13 
1 11.284 0.0 0.0 0.0 0.0 0.0 0.0 0.0 
1 11.284 0.0 0.0 1.32280829302 0.0 -1.19056763619e-14 -2.33503896236e-14 1.51497394485e-13 
1 46.085 0.0 0.0 0.0 0.0 0.0 0.0 0.0 
1 46.085 0.0 0.0 1.32280829302 0.0 -5.66424705373e-14 -8.0930992788e-14 5.1007385611e-13 
1 37.656 0.0 0.0 0.0 0.0 0.0 0.0 0.0 
1 37.656 0.0 0.0 1.32280829302 0.0 0.0 0.0 -4.07593976693e-14 
1 16.066 0.0 0.0 0.0 0.0 0.0 0.0 0.0 
1 16.066 0.0 0.0 1.32280829302 0.0 -1.30561709409e-14 -3.06563009512e-14 8.86184879209e-14 
1 7.561 0.0 0.0 0.0 0.0 0.0 0.0 0.0 
1 7.561 0.0 0.0 1.32280829302 0.0 0.0 0.0 -6.50405040644e-14 
1 7.488 0.0 0.0 0.0 0.0 0.0 0.0 0.0 
1 7.488 0.0 0.0 1.32280829302 0.0 0.0 0.0 -5.46495330902e-14 
1 3.765 0.0 0.0 0.0 0.0 0.0 0.0 0.0 
1 3.765 0.0 0.0 1.32280829302 0.0 0.0 0.0 2.72302506351e-14 
1 14.699 0.0 0.0 0.0 0.0 0.0 0.0 0.0 
1 14.699 0.0 0.0 1.32280829302 0.0 -2.62366010093e-14 -1.19674193178e-14 1.05927126032e-13 
1 36.8828 0.0 0.0 0.0 0.0 0.0 0.0 0.0 
1 36.8828 0.0 0.0 1.32280829302 0.0 0.0 0.0 0.0 
1 15.2928 0.0 0.0 0.0 0.0 0.0 0.0 0.0 
1 15.2928 0.0 0.0 1.32280829302 0.0 0.0 0.0 -1.59507228748e-14 
1 6.7878 0.0 0.0 0.0 0.0 0.0 0.0 0.0 
1 6.7878 0.0 0.0 1.32280829302 0.0 0.0 0.0 1.3953596807e-14 
1 2.9918 0.0 0.0 0.0 0.0 0.0 0.0 0.0 
1 2.9918 0.0 0.0 1.32280829302 0.0 0.0 0.0 0.0 
1 42.289 0.0 0.0 0.0 0.0 0.0 0.0 0.0 
1 42.289 0.0 0.0 1.32280829302 0.0 2.33004398892e-14 1.8725833284e-14 -1.16961271949e-13 
1 2.302 0.0 0.0 0.0 0.0 0.0 0.0 0.0 
1 2.302 0.0 0.0 1.32280829302 0.0 0.0 0.0 -1.13614601976e-14 
1 1.5288 0.0 0.0 0.0 0.0 0.0 0.0 0.0 
1 1.5288 0.0 0.0 1.32280829302 0.0 0.0 0.0 0.0 
1 6.025 0.0 0.0 0.0 0.0 0.0 0.0 0.0 
1 6.025 0.0 0.0 1.32280829302 0.0 0.0 -1.03640013232e-14 2.01864300849e-14 
1 13.236 0.0 0.0 0.0 0.0 0.0 0.0 0.0 
1 13.236 0.0 0.0 1.32280829302 0.0 0.0 0.0 -2.2763436089e-14 
1 36.8828 0.0 0.0 1.30441662827 0.0 0.0 0.0 0.0 
1 15.2928 0.0 0.0 1.27845172701 0.0 0.0 0.0 0.0 
1 6.7878 0.0 0.0 1.22287369084 0.0 0.0 0.0 0.0 
1 2.9918 0.0 0.0 1.09607652864 0.0 0.0 0.0 0.0 
1 0.911 0.0 0.0 0.0 0.0 0.0 0.0 0.0 
1 0.911 0.0 0.0 1.32280829302 0.0 0.0 0.0 0.0 
1 1.5288 0.0 0.0 0.879103365848 0.0 0.0 0.0 0.0 
1 1.6842 0.0 0.0 0.0 0.0 0.0 0.0 0.0 
1 1.6842 0.0 0.0 1.32280829302 0.0 0.0 0.0 0.0 
1 3.765 0.0 0.0 0.870980546719 0.0 0.0 0.0 0.0 
1 2.302 0.0 0.0 0.583828508127 0.0 0.0 0.0 0.0 
1 36.45558 0.0 0.0 0.0 0.0 0.0 0.0 0.0 
1 36.45558 0.0 0.0 1.32280829302 0.0 0.0 0.0 0.0 
1 14.86558 0.0 0.0 0.0 0.0 0.0 0.0 0.0 
1 14.86558 0.0 0.0 1.32280829302 0.0 0.0 0.0 -1.16904613728e-14 
1 40.826 0.0 0.0 0.0 0.0 0.0 0.0 0.0 
1 40.826 0.0 0.0 1.32280829302 0.0 0.0 0.0 1.95017157258e-14 
1 6.36058 0.0 0.0 0.0 0.0 0.0 0.0 0.0 
1 6.36058 0.0 0.0 1.32280829302 0.0 0.0 0.0 0.0 
1 2.56458 0.0 0.0 0.0 0.0 0.0 0.0 0.0 
1 2.56458 0.0 0.0 1.32280829302 0.0 0.0 0.0 0.0 
1 7.561 0.0 0.0 1.09782066376 0.0 0.0 0.0 0.0 
1 0.911 0.0 0.0 0.578202263755 0.0 0.0 0.0 0.0 
1 1.10158 0.0 0.0 0.0 0.0 0.0 0.0 0.0 
1 1.10158 0.0 0.0 1.32280829302 0.0 0.0 0.0 0.0 
1 16.066 0.0 0.0 1.21692434774 0.0 0.0 0.0 0.0 
1 36.45558 0.0 0.0 1.31970298147 0.0 0.0 0.0 0.0 
1 14.86558 0.0 0.0 1.31519298748 0.0 0.0 0.0 0.0 
1 6.36058 0.0 0.0 1.305010241 0.0 0.0 0.0 0.0 
1 37.656 0.0 0.0 1.27763271768 0.0 0.0 0.0 0.0 
1 2.56458 0.0 0.0 1.27866619813 0.0 0.0 0.0 0.0 
1 5.4072 0.0 0.0 0.0 0.0 0.0 0.0 0.0 
1 5.4072 0.0 0.0 1.32280829302 0.0 0.0 0.0 0.0 
1 1.10158 0.0 0.0 1.22004141842 0.0 0.0 0.0 0.0 
1 0.48378 0.0 0.0 0.0 0.0 0.0 0.0 0.0 
1 0.48378 0.0 0.0 1.32280829302 0.0 0.0 0.0 0.0 
1 1.6842 0.0 0.0 0.312755172949 0.0 0.0 0.0 0.0 
1 0.48378 0.0 0.0 1.08880537079 0.0 0.0 0.0 0.0 
1 12.6182 0.0 0.0 0.0 0.0 0.0 0.0 0.0 
1 12.6182 0.0 0.0 1.32280829302 0.0 0.0 0.0 0.0 
1 6.025 0.0 0.0 0.223066095553 0.0 0.0 0.0 0.0 
1 36.403 0.0 0.0 0.0 0.0 0.0 0.0 0.0 
1 36.403 0.0 0.0 1.32280829302 0.0 0.0 0.0 0.0 
1 14.813 0.0 0.0 0.0 0.0 0.0 0.0 0.0 
1 14.813 0.0 0.0 1.32280829302 0.0 0.0 0.0 0.0 
1 6.308 0.0 0.0 0.0 0.0 0.0 0.0 0.0 
1 6.308 0.0 0.0 1.32280829302 0.0 0.0 0.0 0.0 
1 2.512 0.0 0.0 0.0 0.0 0.0 0.0 0.0 
1 2.512 0.0 0.0 1.32280829302 0.0 0.0 0.0 0.0 
1 1.049 0.0 0.0 0.0 0.0 0.0 0.0 0.0 
1 1.049 0.0 0.0 1.32280829302 0.0 0.0 0.0 0.0 
1 36.403 0.0 0.0 1.32160914257 0.0 0.0 0.0 0.0 
1 14.813 0.0 0.0 1.31986137655 0.0 0.0 0.0 0.0 
1 6.308 0.0 0.0 1.31588808477 0.0 0.0 0.0 0.0 
1 2.512 0.0 0.0 1.3054306363 0.0 0.0 0.0 0.0 
1 1.049 0.0 0.0 1.28119468609 0.0 0.0 0.0 0.0 
1 0.4312 0.0 0.0 0.0 0.0 0.0 0.0 0.0 
1 0.4312 0.0 0.0 1.32280829302 0.0 0.0 0.0 0.0 
1 5.4072 0.0 0.0 0.0974149767496 0.0 0.0 0.0 0.0 
1 0.4312 0.0 0.0 1.22157296447 0.0 0.0 0.0 0.0 
1 13.236 0.0 0.0 0.101539228295 0.0 0.0 0.0 0.0 
1 40.2082 0.0 0.0 0.0 0.0 0.0 0.0 0.0 
1 40.2082 0.0 0.0 1.32280829302 0.0 0.0 0.0 0.0 
1 7.488 0.0 0.0 0.437932927136 0.0 0.0 0.0 0.0 
1 12.6182 0.0 0.0 0.0417446436323 0.0 0.0 0.0 0.0 
1 40.826 0.0 0.0 0.0329195420984 0.0 0.0 0.0 0.0 
1 40.2082 0.0 0.0 0.0131003691357 0.0 0.0 0.0 0.0 
1 14.699 0.0 0.0 0.223092847023 0.0 0.0 0.0 0.0 
1 11.284 0.0 0.0 0.73560989354 0.0 0.0 0.0 0.0 
1 42.289 0.0 0.0 0.0775436108302 0.0 0.0 0.0 0.0 
1 19.789 0.0 0.0 0.987978501735 0.0 0.0 0.0 0.0 
1 41.379 0.0 0.0 1.16268004585 0.0 0.0 0.0 0.0 
1 18.495 0.0 0.0 0.448803570625 0.0 0.0 0.0 0.0 
1 46.085 0.0 0.0 0.180115483101 0.0 0.0 0.0 0.0 
1 27.0 0.0 0.0 0.724115058179 0.0 0.0 0.0 0.0 
1 48.59 0.0 0.0 0.990132488519 0.0 0.0 0.0 0.0 
1 54.59 0.0 0.0 0.358144469149 0.0 0.0 0.0 0.0 
1 76.18 0.0 0.0 0.631537642651 0.0 0.0 0.0 0.0 
2 26.5028 0.0 0.0 0.0255948840372 0.0 0.0 0.0 0.0 0.0 0.0 0.0 0.0 0.0 0.0 
2 26.07558 0.0 0.0 0.0043414541006 0.0 0.0 0.0 0.0 0.0 0.0 0.0 0.0 0.0 0.0 
2 27.276 0.0 0.0 0.0623673362965 0.0 0.0 0.0 0.0 0.0 0.0 0.0 0.0 0.0 0.0 
2 7.5988 0.0 0.0 0.0892688441149 0.0 0.0 0.0 0.0 0.0 0.0 0.0 0.0 0.0 0.0 
2 8.372 0.0 0.0 0.203192960442 0.0 0.0 0.0 0.0 0.0 0.0 0.0 0.0 0.0 0.0 
2 26.023 0.0 0.0 0.00167746507588 0.0 0.0 0.0 0.0 0.0 0.0 0.0 0.0 0.0 0.0 
2 7.17158 0.0 0.0 0.0157853546522 0.0 0.0 0.0 0.0 0.0 0.0 0.0 0.0 0.0 0.0 
2 2.8618 0.0 0.0 0.237031271459 0.0 0.0 0.0 0.0 0.0 0.0 0.0 0.0 0.0 0.0 
2 3.635 0.0 0.0 0.467986647819 0.0 0.0 0.0 0.0 0.0 0.0 0.0 0.0 0.0 0.0 
2 2.43458 0.0 0.0 0.0464991635997 0.0 0.0 0.0 0.0 0.0 0.0 0.0 0.0 0.0 0.0 
2 7.119 0.0 0.0 0.00613185470848 0.0 0.0 0.0 0.0 0.0 0.0 0.0 0.0 0.0 0.0 
2 1.313 0.0 0.0 0.51663068748 0.0 0.0 0.0 0.0 0.0 0.0 0.0 0.0 0.0 0.0 
2 2.0862 0.0 0.0 0.815421083704 0.0 0.0 0.0 0.0 0.0 0.0 0.0 0.0 0.0 0.0 
2 2.382 0.0 0.0 0.0183260594751 0.0 0.0 0.0 0.0 0.0 0.0 0.0 0.0 0.0 0.0 
2 0.88578 0.0 0.0 0.127803668763 0.0 0.0 0.0 0.0 0.0 0.0 0.0 0.0 0.0 0.0 
2 5.8092 0.0 0.0 1.14059539003 0.0 0.0 0.0 0.0 0.0 0.0 0.0 0.0 0.0 0.0 
2 7.358 0.0 0.0 0.90050920627 0.0 0.0 0.0 0.0 0.0 0.0 0.0 0.0 0.0 0.0 
2 0.8332 0.0 0.0 0.0523915910582 0.0 0.0 0.0 0.0 0.0 0.0 0.0 0.0 0.0 0.0 
2 0.7748 0.0 0.0 0.875498312675 0.0 0.0 0.0 0.0 0.0 0.0 0.0 0.0 0.0 0.0 
2 0.34758 0.0 0.0 0.32569749041 0.0 0.0 0.0 0.0 0.0 0.0 0.0 0.0 0.0 0.0 
2 13.0202 0.0 0.0 1.24151067885 0.0 0.0 0.0 0.0 0.0 0.0 0.0 0.0 0.0 0.0 
2 1.548 0.0 0.0 1.0989221349 0.0 0.0 0.0 0.0 0.0 0.0 0.0 0.0 0.0 0.0 
2 14.569 0.0 0.0 1.10952826829 0.0 0.0 0.0 0.0 0.0 0.0 0.0 0.0 0.0 0.0 
2 0.295 0.0 0.0 0.147975164982 0.0 0.0 0.0 0.0 0.0 0.0 0.0 0.0 0.0 0.0 
2 12.095 0.0 0.0 0.547825278192 0.0 0.0 0.0 0.0 0.0 0.0 0.0 0.0 0.0 0.0 
2 40.6102 0.0 0.0 1.29674313707 0.0 0.0 0.0 0.0 0.0 0.0 0.0 0.0 0.0 0.0 
2 5.271 0.0 0.0 1.25705686582 0.0 0.0 0.0 0.0 0.0 0.0 0.0 0.0 0.0 0.0 
2 12.482 0.0 0.0 1.29504224809 0.0 0.0 0.0 0.0 0.0 0.0 0.0 0.0 0.0 0.0 
2 0.15758 0.0 0.0 0.718402930046 0.0 0.0 0.0 0.0 0.0 0.0 0.0 0.0 0.0 0.0 
2 42.159 0.0 0.0 1.24910453628 0.0 0.0 0.0 0.0 0.0 0.0 0.0 0.0 0.0 0.0 
2 0.105 0.0 0.0 0.415739749235 0.0 0.0 0.0 0.0 0.0 0.0 0.0 0.0 0.0 0.0 
2 0.5848 0.0 0.0 1.15994543889 0.0 0.0 0.0 0.0 0.0 0.0 0.0 0.0 0.0 0.0 
2 40.072 0.0 0.0 1.31415946659 0.0 0.0 0.0 0.0 0.0 0.0 0.0 0.0 0.0 0.0 
2 30.999 0.0 0.0 0.213747112479 0.0 0.0 0.0 0.0 0.0 0.0 0.0 0.0 0.0 0.0 
2 1.358 0.0 0.0 1.25267412726 0.0 0.0 0.0 0.0 0.0 0.0 0.0 0.0 0.0 0.0 
2 5.081 0.0 0.0 1.30406351894 0.0 0.0 0.0 0.0 0.0 0.0 0.0 0.0 0.0 0.0 
2 12.292 0.0 0.0 1.31505998541 0.0 0.0 0.0 0.0 0.0 0.0 0.0 0.0 0.0 0.0 
2 19.306 0.0 0.0 0.837289823925 0.0 0.0 0.0 0.0 0.0 0.0 0.0 0.0 0.0 0.0 
2 39.882 0.0 0.0 1.3204201932 0.0 0.0 0.0 0.0 0.0 0.0 0.0 0.0 0.0 0.0 
2 46.896 0.0 0.0 1.12293155376 0.0 0.0 0.0 0.0 0.0 0.0 0.0 0.0 0.0 0.0 
2 38.21 0.0 0.0 0.423049393894 0.0 0.0 0.0 0.0 0.0 0.0 0.0 0.0 0.0 0.0 
2 65.8 0.0 0.0 0.800319120747 0.0 0.0 0.0 0.0 0.0 0.0 0.0 0.0 0.0 0.0 
2 72.74 0.0 0.0 0.0 36.8698688008 0.0 0.0 0.0 0.0 0.0 0.0 0.0844786655687 0.0844786655687 0.0844786655687 
2 72.74 0.0 0.0 1.32280829302 36.8698688008 0.0 0.0 0.0 0.0 0.0 0.0 0.0844786655687 0.0844786655687 0.0844786655687 
2 51.15 0.0 0.0 0.0 43.2081281704 0.0 0.0 0.0 0.0 0.0 0.0 0.140788948095 0.140788948095 0.140788948095 
2 51.15 0.0 0.0 1.32280829302 43.2081281704 0.0 0.0 0.0 0.0 0.0 0.0 0.140788948095 0.140788948095 0.140788948095 
2 29.56 0.0 0.0 0.0 15.4374423984 0.0 0.0 0.0 0.0 0.0 0.0 0.0870401578622 0.0870401578622 0.0870401578622 
2 29.56 0.0 0.0 1.32280829302 15.4374423984 0.0 0.0 0.0 0.0 0.0 0.0 0.0870401578622 0.0870401578622 0.0870401578622 
2 42.645 0.0 0.0 0.0 17.9161363214 0.0 0.0 0.0 0.0 0.0 0.0 0.0700204647728 0.0700204647728 0.0700204647728 
2 42.645 0.0 0.0 1.32280829302 17.9161363214 0.0 0.0 0.0 0.0 0.0 0.0 0.0700204647728 0.0700204647728 0.0700204647728 
2 21.055 0.0 0.0 0.0 14.8959653613 0.0 0.0 0.0 0.0 0.0 0.0 0.117913127217 0.117913127217 0.117913127217 
2 21.055 0.0 0.0 1.32280829302 14.8959653613 0.0 0.0 0.0 0.0 0.0 0.0 0.117913127217 0.117913127217 0.117913127217 
2 12.55 0.0 0.0 0.0 4.36312219034 0.0 0.0 0.0 0.0 0.0 0.0 0.0579431897787 0.0579431897787 0.0579431897787 
2 12.55 0.0 0.0 1.32280829302 4.36312219034 0.0 0.0 0.0 0.0 0.0 0.0 0.0579431897787 0.0579431897787 0.0579431897787 
2 38.849 0.0 0.0 0.0 -0.894300362562 0.0 0.0 0.0 0.0 0.0 0.0 -0.00383665114744 -0.00383665114744 -0.00383665114744 
2 38.849 0.0 0.0 1.32280829302 -0.894300362562 0.0 0.0 0.0 0.0 0.0 0.0 -0.00383665114744 -0.00383665114744 -0.00383665114744 
2 17.259 0.0 0.0 0.0 -0.661501293102 0.0 0.0 0.0 0.0 0.0 0.0 -0.00638798398036 -0.00638798398036 -0.00638798398036 
2 17.259 0.0 0.0 1.32280829302 -0.661501293102 0.0 0.0 0.0 0.0 0.0 0.0 -0.00638798398036 -0.00638798398036 -0.00638798398036 
2 8.754 0.0 0.0 0.0 -0.757968790387 0.0 0.0 0.0 0.0 0.0 0.0 -0.0144309037847 -0.0144309037847 -0.0144309037847 
2 8.754 0.0 0.0 1.32280829302 -0.757968790387 0.0 0.0 0.0 0.0 0.0 0.0 -0.0144309037847 -0.0144309037847 -0.0144309037847 
2 4.958 0.0 0.0 0.0 0.442017980507 0.0 0.0 0.0 0.0 0.0 0.0 0.0148587461513 0.0148587461513 0.0148587461513 
2 4.958 0.0 0.0 1.32280829302 0.442017980507 0.0 0.0 0.0 0.0 0.0 0.0 0.0148587461513 0.0148587461513 0.0148587461513 
2 37.386 0.0 0.0 0.0 -1.17322631237 0.0 0.0 0.0 0.0 0.0 0.0 -0.00523023909294 -0.00523023909294 -0.00523023909294 
2 37.386 0.0 0.0 1.32280829302 -1.17322631237 0.0 0.0 0.0 0.0 0.0 0.0 -0.00523023909294 -0.00523023909294 -0.00523023909294 
2 15.796 0.0 0.0 0.0 -0.991776481363 0.0 0.0 0.0 0.0 0.0 0.0 -0.0104644264515 -0.0104644264515 -0.0104644264515 
2 15.796 0.0 0.0 1.32280829302 -0.991776481363 0.0 0.0 0.0 0.0 0.0 0.0 -0.0104644264515 -0.0104644264515 -0.0104644264515 
2 7.291 0.0 0.0 0.0 -1.04899155533 0.0 0.0 0.0 0.0 0.0 0.0 -0.0239791422149 -0.0239791422149 -0.0239791422149 
2 7.291 0.0 0.0 1.32280829302 -1.04899155533 0.0 0.0 0.0 0.0 0.0 0.0 -0.0239791422149 -0.0239791422149 -0.0239791422149 
2 3.495 0.0 0.0 0.0 1.06918562644 0.0 0.0 0.0 0.0 0.0 0.0 0.050986439029 0.050986439029 0.050986439029 
2 3.495 0.0 0.0 1.32280829302 1.06918562644 0.0 0.0 0.0 0.0 0.0 0.0 0.050986439029 0.050986439029 0.050986439029 
2 2.032 0.0 0.0 0.0 0.793726293178 0.0 0.0 0.0 0.0 0.0 0.0 0.0651022222095 0.0651022222095 0.0651022222095 
2 2.032 0.0 0.0 1.32280829302 0.793726293178 0.0 0.0 0.0 0.0 0.0 0.0 0.0651022222095 0.0651022222095 0.0651022222095 
2 36.7682 0.0 0.0 0.0 -0.081942912734 0.0 0.0 0.0 0.0 0.0 0.0 -0.000371439236142 -0.000371439236142 -0.000371439236142 
2 36.7682 0.0 0.0 1.32280829302 -0.081942912734 0.0 0.0 0.0 0.0 0.0 0.0 -0.000371439236142 -0.000371439236142 -0.000371439236142 
2 15.1782 0.0 0.0 0.0 -0.0702622083447 0.0 0.0 0.0 0.0 0.0 0.0 -0.000771525481114 -0.000771525481114 -0.000771525481114 
2 15.1782 0.0 0.0 1.32280829302 -0.0702622083447 0.0 0.0 0.0 0.0 0.0 0.0 -0.000771525481114 -0.000771525481114 -0.000771525481114 
2 6.6732 0.0 0.0 0.0 -0.0795672958219 0.0 0.0 0.0 0.0 0.0 0.0 -0.00198723490534 -0.00198723490534 -0.00198723490534 
2 6.6732 0.0 0.0 1.32280829302 -0.0795672958219 0.0 0.0 0.0 0.0 0.0 0.0 -0.00198723490534 -0.00198723490534 -0.00198723490534 
2 2.8772 0.0 0.0 0.0 0.0940231572911 0.0 0.0 0.0 0.0 0.0 0.0 0.00544645009564 0.00544645009564 0.00544645009564 
2 2.8772 0.0 0.0 1.32280829302 0.0940231572911 0.0 0.0 0.0 0.0 0.0 0.0 0.00544645009564 0.00544645009564 0.00544645009564 
2 1.4142 0.0 0.0 0.0 0.164805469861 0.0 0.0 0.0 0.0 0.0 0.0 0.0194226971504 0.0194226971504 0.0194226971504 
2 1.4142 0.0 0.0 1.32280829302 0.164805469861 0.0 0.0 0.0 0.0 0.0 0.0 0.0194226971504 0.0194226971504 0.0194226971504 
2 3.495 0.0 0.0 0.938266597538 0.0 0.0 0.0 0.0 0.0 0.0 0.0 0.0 0.0 0.0 
2 3.495 0.0 0.0 0.384541695482 0.0 0.0 0.0 0.0 0.0 0.0 0.0 0.0 0.0 0.0 
2 7.291 0.0 0.0 1.1384751116 0.0 0.0 0.0 0.0 0.0 0.0 0.0 0.0 0.0 0.0 
2 7.291 0.0 0.0 0.184333181417 0.0 0.0 0.0 0.0 0.0 0.0 0.0 0.0 0.0 0.0 
2 15.796 0.0 0.0 1.23772515642 0.0 0.0 0.0 0.0 0.0 0.0 0.0 0.0 0.0 0.0 
2 15.796 0.0 0.0 0.0850831365984 0.0 0.0 0.0 0.0 0.0 0.0 0.0 0.0 0.0 0.0 
2 2.032 0.0 0.0 0.66140414651 0.0 0.0 0.0 0.0 0.0 0.0 0.0 0.0 0.0 0.0 
2 37.386 0.0 0.0 1.28685972335 0.0 0.0 0.0 0.0 0.0 0.0 0.0 0.0 0.0 0.0 
2 37.386 0.0 0.0 0.0359485696707 0.0 0.0 0.0 0.0 0.0 0.0 0.0 0.0 0.0 0.0 
2 36.7682 0.0 0.0 1.30848226503 0.0 0.0 0.0 0.0 0.0 0.0 0.0 0.0 0.0 0.0 
2 36.7682 0.0 0.0 0.0143260279883 0.0 0.0 0.0 0.0 0.0 0.0 0.0 0.0 0.0 0.0 
2 15.1782 0.0 0.0 1.28810442416 0.0 0.0 0.0 0.0 0.0 0.0 0.0 0.0 0.0 0.0 
2 15.1782 0.0 0.0 0.0347038688567 0.0 0.0 0.0 0.0 0.0 0.0 0.0 0.0 0.0 0.0 
2 6.6732 0.0 0.0 1.24387430898 0.0 0.0 0.0 0.0 0.0 0.0 0.0 0.0 0.0 0.0 
2 6.6732 0.0 0.0 0.0789339840377 0.0 0.0 0.0 0.0 0.0 0.0 0.0 0.0 0.0 0.0 
2 4.958 0.0 0.0 0.66140414651 0.0 0.0 0.0 0.0 0.0 0.0 0.0 0.0 0.0 0.0 
2 2.8772 0.0 0.0 1.13973368497 0.0 0.0 0.0 0.0 0.0 0.0 0.0 0.0 0.0 0.0 
2 2.8772 0.0 0.0 0.18307460805 0.0 0.0 0.0 0.0 0.0 0.0 0.0 0.0 0.0 0.0 
2 0.7964 0.0 0.0 0.0 0.0105757537568 0.0 0.0 0.0 0.0 0.0 0.0 0.00221324161995 0.00221324161995 0.00221324161995 
2 0.7964 0.0 0.0 1.32280829302 0.0105757537568 0.0 0.0 0.0 0.0 0.0 0.0 0.00221324161995 0.00221324161995 0.00221324161995 
2 1.4142 0.0 0.0 0.950341695452 0.0 0.0 0.0 0.0 0.0 0.0 0.0 0.0 0.0 0.0 
2 1.4142 0.0 0.0 0.372466597568 0.0 0.0 0.0 0.0 0.0 0.0 0.0 0.0 0.0 0.0 
2 0.7964 0.0 0.0 0.66140414651 0.0 0.0 0.0 0.0 0.0 0.0 0.0 0.0 0.0 0.0 
2 8.754 0.0 0.0 0.948209051714 0.0 0.0 0.0 0.0 0.0 0.0 0.0 0.0 0.0 0.0 
2 8.754 0.0 0.0 0.374599241306 0.0 0.0 0.0 0.0 0.0 0.0 0.0 0.0 0.0 0.0 
2 17.259 0.0 0.0 1.13280645291 0.0 0.0 0.0 0.0 0.0 0.0 0.0 0.0 0.0 0.0 
2 17.259 0.0 0.0 0.190001840106 0.0 0.0 0.0 0.0 0.0 0.0 0.0 0.0 0.0 0.0 
2 38.849 0.0 0.0 1.23839835304 0.0 0.0 0.0 0.0 0.0 0.0 0.0 0.0 0.0 0.0 
2 38.849 0.0 0.0 0.0844099399829 0.0 0.0 0.0 0.0 0.0 0.0 0.0 0.0 0.0 0.0 
2 12.55 0.0 0.0 0.66140414651 0.0 0.0 0.0 0.0 0.0 0.0 0.0 0.0 0.0 0.0 
2 21.055 0.0 0.0 0.928573097641 0.0 0.0 0.0 0.0 0.0 0.0 0.0 0.0 0.0 0.0 
2 21.055 0.0 0.0 0.394235195379 0.0 0.0 0.0 0.0 0.0 0.0 0.0 0.0 0.0 0.0 
2 42.645 0.0 0.0 1.12816362099 0.0 0.0 0.0 0.0 0.0 0.0 0.0 0.0 0.0 0.0 
2 42.645 0.0 0.0 0.19464467203 0.0 0.0 0.0 0.0 0.0 0.0 0.0 0.0 0.0 0.0 
2 29.56 0.0 0.0 0.66140414651 0.0 0.0 0.0 0.0 0.0 0.0 0.0 0.0 0.0 0.0 
2 51.15 0.0 0.0 0.940577470521 0.0 0.0 0.0 0.0 0.0 0.0 0.0 0.0 0.0 0.0 
2 51.15 0.0 0.0 0.382230822499 0.0 0.0 0.0 0.0 0.0 0.0 0.0 0.0 0.0 0.0 
2 72.74 0.0 0.0 0.66140414651 0.0 0.0 0.0 0.0 0.0 0.0 0.0 0.0 0.0 0.0 
2 65.8 0.0 0.0 0.0 0.0 0.0 0.0 0.0 0.0 0.0 0.0 0.0 0.0 0.0 
2 65.8 0.0 0.0 1.32280829302 0.0 0.0 0.0 0.0 0.0 0.0 0.0 0.0 0.0 0.0 
2 38.21 0.0 0.0 0.0 0.0 0.0 0.0 0.0 0.0 0.0 0.0 0.0 0.0 0.0 
2 38.21 0.0 0.0 1.32280829302 0.0 0.0 0.0 0.0 0.0 0.0 0.0 0.0 0.0 0.0 
2 30.999 0.0 0.0 0.0 0.0 0.0 0.0 0.0 0.0 0.0 0.0 0.0 0.0 0.0 
2 30.999 0.0 0.0 1.32280829302 0.0 0.0 0.0 0.0 0.0 0.0 0.0 0.0 0.0 0.0 
2 27.276 0.0 0.0 0.0 0.0 0.0 0.0 0.0 0.0 0.0 0.0 0.0 0.0 0.0 
2 27.276 0.0 0.0 1.32280829302 0.0 0.0 0.0 0.0 0.0 0.0 0.0 0.0 0.0 0.0 
2 19.306 0.0 0.0 0.0 0.0 0.0 0.0 0.0 0.0 0.0 0.0 0.0 0.0 0.0 
2 19.306 0.0 0.0 1.32280829302 0.0 0.0 0.0 0.0 0.0 0.0 0.0 0.0 0.0 0.0 
2 12.095 0.0 0.0 0.0 0.0 0.0 0.0 0.0 0.0 0.0 0.0 0.0 0.0 0.0 
2 12.095 0.0 0.0 1.32280829302 0.0 0.0 0.0 0.0 0.0 0.0 0.0 0.0 0.0 0.0 
2 46.896 0.0 0.0 0.0 0.0 0.0 0.0 0.0 0.0 0.0 0.0 0.0 0.0 0.0 
2 46.896 0.0 0.0 1.32280829302 0.0 0.0 0.0 0.0 0.0 0.0 0.0 0.0 0.0 0.0 
2 26.5028 0.0 0.0 0.0 0.0 0.0 0.0 0.0 0.0 0.0 0.0 0.0 0.0 0.0 
2 26.5028 0.0 0.0 1.32280829302 0.0 0.0 0.0 0.0 0.0 0.0 0.0 0.0 0.0 0.0 
2 8.372 0.0 0.0 0.0 0.0 0.0 0.0 0.0 0.0 0.0 0.0 0.0 0.0 0.0 
2 8.372 0.0 0.0 1.32280829302 0.0 0.0 0.0 0.0 0.0 0.0 0.0 0.0 0.0 0.0 
2 7.5988 0.0 0.0 0.0 0.0 0.0 0.0 0.0 0.0 0.0 0.0 0.0 0.0 0.0 
2 7.5988 0.0 0.0 1.32280829302 0.0 0.0 0.0 0.0 0.0 0.0 0.0 0.0 0.0 0.0 
2 26.5028 0.0 0.0 1.29721340898 0.0 0.0 0.0 0.0 0.0 0.0 0.0 0.0 0.0 0.0 
2 7.358 0.0 0.0 0.0 0.0 0.0 0.0 0.0 0.0 0.0 0.0 0.0 0.0 0.0 
2 7.358 0.0 0.0 1.32280829302 0.0 0.0 0.0 0.0 0.0 0.0 0.0 0.0 0.0 0.0 
2 3.635 0.0 0.0 0.0 0.0 0.0 0.0 0.0 0.0 0.0 0.0 0.0 0.0 0.0 
2 3.635 0.0 0.0 1.32280829302 0.0 0.0 0.0 0.0 0.0 0.0 0.0 0.0 0.0 0.0 
2 14.569 0.0 0.0 0.0 0.0 0.0 0.0 0.0 0.0 0.0 0.0 0.0 0.0 0.0 
2 14.569 0.0 0.0 1.32280829302 0.0 0.0 0.0 0.0 0.0 0.0 0.0 0.0 0.0 0.0 
2 26.07558 0.0 0.0 0.0 0.0 0.0 0.0 0.0 0.0 0.0 0.0 0.0 0.0 0.0 
2 26.07558 0.0 0.0 1.32280829302 0.0 0.0 0.0 0.0 0.0 0.0 0.0 0.0 0.0 0.0 
2 2.8618 0.0 0.0 0.0 0.0 0.0 0.0 0.0 0.0 0.0 0.0 0.0 0.0 0.0 
2 2.8618 0.0 0.0 1.32280829302 0.0 0.0 0.0 0.0 0.0 0.0 0.0 0.0 0.0 0.0 
2 26.07558 0.0 0.0 1.31846683892 0.0 0.0 0.0 0.0 0.0 0.0 0.0 0.0 0.0 0.0 
2 27.276 0.0 0.0 1.26044095672 0.0 0.0 0.0 0.0 0.0 0.0 0.0 0.0 0.0 0.0 
2 42.159 0.0 0.0 0.0 0.0 0.0 0.0 0.0 0.0 0.0 0.0 0.0 0.0 0.0 
2 42.159 0.0 0.0 1.32280829302 0.0 0.0 0.0 0.0 0.0 0.0 0.0 0.0 0.0 0.0 
2 7.5988 0.0 0.0 1.23353944891 0.0 0.0 0.0 0.0 0.0 0.0 0.0 0.0 0.0 0.0 
2 7.17158 0.0 0.0 0.0 0.0 0.0 0.0 0.0 0.0 0.0 0.0 0.0 0.0 0.0 
2 7.17158 0.0 0.0 1.32280829302 0.0 0.0 0.0 0.0 0.0 0.0 0.0 0.0 0.0 0.0 
2 26.023 0.0 0.0 0.0 0.0 0.0 0.0 0.0 0.0 0.0 0.0 0.0 0.0 0.0 
2 26.023 0.0 0.0 1.32280829302 0.0 0.0 0.0 0.0 0.0 0.0 0.0 0.0 0.0 0.0 
2 8.372 0.0 0.0 1.11961533258 0.0 0.0 0.0 0.0 0.0 0.0 0.0 0.0 0.0 0.0 
2 26.023 0.0 0.0 1.32113082794 0.0 0.0 0.0 0.0 0.0 0.0 0.0 0.0 0.0 0.0 
2 7.17158 0.0 0.0 1.30702293837 0.0 0.0 0.0 0.0 0.0 0.0 0.0 0.0 0.0 0.0 
2 2.8618 0.0 0.0 1.08577702156 0.0 0.0 0.0 0.0 0.0 0.0 0.0 0.0 0.0 0.0 
2 2.0862 0.0 0.0 0.0 0.0 0.0 0.0 0.0 0.0 0.0 0.0 0.0 0.0 0.0 
2 2.0862 0.0 0.0 1.32280829302 0.0 0.0 0.0 0.0 0.0 0.0 0.0 0.0 0.0 0.0 
2 1.313 0.0 0.0 0.0 0.0 0.0 0.0 0.0 0.0 0.0 0.0 0.0 0.0 0.0 
2 1.313 0.0 0.0 1.32280829302 0.0 0.0 0.0 0.0 0.0 0.0 0.0 0.0 0.0 0.0 
2 5.8092 0.0 0.0 0.0 0.0 0.0 0.0 0.0 0.0 0.0 0.0 0.0 0.0 0.0 
2 5.8092 0.0 0.0 1.32280829302 0.0 0.0 0.0 0.0 0.0 0.0 0.0 0.0 0.0 0.0 
2 3.635 0.0 0.0 0.854821645201 0.0 0.0 0.0 0.0 0.0 0.0 0.0 0.0 0.0 0.0 
2 2.43458 0.0 0.0 0.0 0.0 0.0 0.0 0.0 0.0 0.0 0.0 0.0 0.0 0.0 
2 2.43458 0.0 0.0 1.32280829302 0.0 0.0 0.0 0.0 0.0 0.0 0.0 0.0 0.0 0.0 
2 7.119 0.0 0.0 0.0 0.0 0.0 0.0 0.0 0.0 0.0 0.0 0.0 0.0 0.0 
2 7.119 0.0 0.0 1.32280829302 0.0 0.0 0.0 0.0 0.0 0.0 0.0 0.0 0.0 0.0 
2 2.43458 0.0 0.0 1.27630912942 0.0 0.0 0.0 0.0 0.0 0.0 0.0 0.0 0.0 0.0 
2 7.119 0.0 0.0 1.31667643831 0.0 0.0 0.0 0.0 0.0 0.0 0.0 0.0 0.0 0.0 
2 13.0202 0.0 0.0 0.0 0.0 0.0 0.0 0.0 0.0 0.0 0.0 0.0 0.0 0.0 
2 13.0202 0.0 0.0 1.32280829302 0.0 0.0 0.0 0.0 0.0 0.0 0.0 0.0 0.0 0.0 
2 1.313 0.0 0.0 0.80617760554 0.0 0.0 0.0 0.0 0.0 0.0 0.0 0.0 0.0 0.0 
2 2.0862 0.0 0.0 0.507387209316 0.0 0.0 0.0 0.0 0.0 0.0 0.0 0.0 0.0 0.0 
2 0.88578 0.0 0.0 0.0 0.0 0.0 0.0 0.0 0.0 0.0 0.0 0.0 0.0 0.0 
2 0.88578 0.0 0.0 1.32280829302 0.0 0.0 0.0 0.0 0.0 0.0 0.0 0.0 0.0 0.0 
2 2.382 0.0 0.0 0.0 0.0 0.0 0.0 0.0 0.0 0.0 0.0 0.0 0.0 0.0 
2 2.382 0.0 0.0 1.32280829302 0.0 0.0 0.0 0.0 0.0 0.0 0.0 0.0 0.0 0.0 
2 2.382 0.0 0.0 1.30448223354 0.0 0.0 0.0 0.0 0.0 0.0 0.0 0.0 0.0 0.0 
2 0.88578 0.0 0.0 1.19500462426 0.0 0.0 0.0 0.0 0.0 0.0 0.0 0.0 0.0 0.0 
2 40.6102 0.0 0.0 0.0 0.0 0.0 0.0 0.0 0.0 0.0 0.0 0.0 0.0 0.0 
2 40.6102 0.0 0.0 1.32280829302 0.0 0.0 0.0 0.0 0.0 0.0 0.0 0.0 0.0 0.0 
2 0.7748 0.0 0.0 0.0 0.0 0.0 0.0 0.0 0.0 0.0 0.0 0.0 0.0 0.0 
2 0.7748 0.0 0.0 1.32280829302 0.0 0.0 0.0 0.0 0.0 0.0 0.0 0.0 0.0 0.0 
2 5.8092 0.0 0.0 0.182212902994 0.0 0.0 0.0 0.0 0.0 0.0 0.0 0.0 0.0 0.0 
2 7.358 0.0 0.0 0.42229908675 0.0 0.0 0.0 0.0 0.0 0.0 0.0 0.0 0.0 0.0 
2 1.548 0.0 0.0 0.0 0.0 0.0 0.0 0.0 0.0 0.0 0.0 0.0 0.0 0.0 
2 1.548 0.0 0.0 1.32280829302 0.0 0.0 0.0 0.0 0.0 0.0 0.0 0.0 0.0 0.0 
2 0.8332 0.0 0.0 0.0 0.0 0.0 0.0 0.0 0.0 0.0 0.0 0.0 0.0 0.0 
2 0.8332 0.0 0.0 1.32280829302 0.0 0.0 0.0 0.0 0.0 0.0 0.0 0.0 0.0 0.0 
2 0.8332 0.0 0.0 1.27041670196 0.0 0.0 0.0 0.0 0.0 0.0 0.0 0.0 0.0 0.0 
2 0.7748 0.0 0.0 0.447309980345 0.0 0.0 0.0 0.0 0.0 0.0 0.0 0.0 0.0 0.0 
2 0.34758 0.0 0.0 0.0 0.0 0.0 0.0 0.0 0.0 0.0 0.0 0.0 0.0 0.0 
2 0.34758 0.0 0.0 1.32280829302 0.0 0.0 0.0 0.0 0.0 0.0 0.0 0.0 0.0 0.0 
2 0.34758 0.0 0.0 0.99711080261 0.0 0.0 0.0 0.0 0.0 0.0 0.0 0.0 0.0 0.0 
2 13.0202 0.0 0.0 0.0812976141745 0.0 0.0 0.0 0.0 0.0 0.0 0.0 0.0 0.0 0.0 
2 1.548 0.0 0.0 0.223886158121 0.0 0.0 0.0 0.0 0.0 0.0 0.0 0.0 0.0 0.0 
2 5.271 0.0 0.0 0.0 0.0 0.0 0.0 0.0 0.0 0.0 0.0 0.0 0.0 0.0 
2 5.271 0.0 0.0 1.32280829302 0.0 0.0 0.0 0.0 0.0 0.0 0.0 0.0 0.0 0.0 
2 0.295 0.0 0.0 0.0 0.0 0.0 0.0 0.0 0.0 0.0 0.0 0.0 0.0 0.0 
2 0.295 0.0 0.0 1.32280829302 0.0 0.0 0.0 0.0 0.0 0.0 0.0 0.0 0.0 0.0 
2 14.569 0.0 0.0 0.213280024731 0.0 0.0 0.0 0.0 0.0 0.0 0.0 0.0 0.0 0.0 
2 0.295 0.0 0.0 1.17483312804 0.0 0.0 0.0 0.0 0.0 0.0 0.0 0.0 0.0 0.0 
2 12.095 0.0 0.0 0.774983014828 0.0 0.0 0.0 0.0 0.0 0.0 0.0 0.0 0.0 0.0 
2 12.482 0.0 0.0 0.0 0.0 0.0 0.0 0.0 0.0 0.0 0.0 0.0 0.0 0.0 
2 12.482 0.0 0.0 1.32280829302 0.0 0.0 0.0 0.0 0.0 0.0 0.0 0.0 0.0 0.0 
2 40.6102 0.0 0.0 0.0260651559479 0.0 0.0 0.0 0.0 0.0 0.0 0.0 0.0 0.0 0.0 
2 5.271 0.0 0.0 0.0657514272 0.0 0.0 0.0 0.0 0.0 0.0 0.0 0.0 0.0 0.0 
2 12.482 0.0 0.0 0.0277660449264 0.0 0.0 0.0 0.0 0.0 0.0 0.0 0.0 0.0 0.0 
2 0.15758 0.0 0.0 0.0 0.0 0.0 0.0 0.0 0.0 0.0 0.0 0.0 0.0 0.0 
2 0.15758 0.0 0.0 1.32280829302 0.0 0.0 0.0 0.0 0.0 0.0 0.0 0.0 0.0 0.0 
2 40.072 0.0 0.0 0.0 0.0 0.0 0.0 0.0 0.0 0.0 0.0 0.0 0.0 0.0 
2 40.072 0.0 0.0 1.32280829302 0.0 0.0 0.0 0.0 0.0 0.0 0.0 0.0 0.0 0.0 
2 0.15758 0.0 0.0 0.604405362974 0.0 0.0 0.0 0.0 0.0 0.0 0.0 0.0 0.0 0.0 
2 42.159 0.0 0.0 0.0737037567377 0.0 0.0 0.0 0.0 0.0 0.0 0.0 0.0 0.0 0.0 
2 0.105 0.0 0.0 0.0 0.0 0.0 0.0 0.0 0.0 0.0 0.0 0.0 0.0 0.0 
2 0.105 0.0 0.0 1.32280829302 0.0 0.0 0.0 0.0 0.0 0.0 0.0 0.0 0.0 0.0 
2 0.105 0.0 0.0 0.907068543785 0.0 0.0 0.0 0.0 0.0 0.0 0.0 0.0 0.0 0.0 
2 0.5848 0.0 0.0 0.0 0.0 0.0 0.0 0.0 0.0 0.0 0.0 0.0 0.0 0.0 
2 0.5848 0.0 0.0 1.32280829302 0.0 0.0 0.0 0.0 0.0 0.0 0.0 0.0 0.0 0.0 
2 0.5848 0.0 0.0 0.162862854134 0.0 0.0 0.0 0.0 0.0 0.0 0.0 0.0 0.0 0.0 
2 40.072 0.0 0.0 0.0086488264317 0.0 0.0 0.0 0.0 0.0 0.0 0.0 0.0 0.0 0.0 
2 30.999 0.0 0.0 1.10906118054 0.0 0.0 0.0 0.0 0.0 0.0 0.0 0.0 0.0 0.0 
2 1.358 0.0 0.0 0.0 0.0 0.0 0.0 0.0 0.0 0.0 0.0 0.0 0.0 0.0 
2 1.358 0.0 0.0 1.32280829302 0.0 0.0 0.0 0.0 0.0 0.0 0.0 0.0 0.0 0.0 
2 1.358 0.0 0.0 0.0701341657566 0.0 0.0 0.0 0.0 0.0 0.0 0.0 0.0 0.0 0.0 
2 5.081 0.0 0.0 0.0 0.0 0.0 0.0 0.0 0.0 0.0 0.0 0.0 0.0 0.0 
2 5.081 0.0 0.0 1.32280829302 0.0 0.0 0.0 0.0 0.0 0.0 0.0 0.0 0.0 0.0 
2 5.081 0.0 0.0 0.0187447740794 0.0 0.0 0.0 0.0 0.0 0.0 0.0 0.0 0.0 0.0 
2 12.292 0.0 0.0 0.0 0.0 0.0 0.0 0.0 0.0 0.0 0.0 0.0 0.0 0.0 
2 12.292 0.0 0.0 1.32280829302 0.0 0.0 0.0 0.0 0.0 0.0 0.0 0.0 0.0 0.0 
2 12.292 0.0 0.0 0.00774830760636 0.0 0.0 0.0 0.0 0.0 0.0 0.0 0.0 0.0 0.0 
2 19.306 0.0 0.0 0.485518469095 0.0 0.0 0.0 0.0 0.0 0.0 0.0 0.0 0.0 0.0 
2 39.882 0.0 0.0 0.0 0.0 0.0 0.0 0.0 0.0 0.0 0.0 0.0 0.0 0.0 
2 39.882 0.0 0.0 1.32280829302 0.0 0.0 0.0 0.0 0.0 0.0 0.0 0.0 0.0 0.0 
2 39.882 0.0 0.0 0.00238809982191 0.0 0.0 0.0 0.0 0.0 0.0 0.0 0.0 0.0 0.0 
2 46.896 0.0 0.0 0.19987673926 0.0 0.0 0.0 0.0 0.0 0.0 0.0 0.0 0.0 0.0 
2 38.21 0.0 0.0 0.899758899126 0.0 0.0 0.0 0.0 0.0 0.0 0.0 0.0 0.0 0.0 
2 65.8 0.0 0.0 0.522489172273 0.0 0.0 0.0 0.0 0.0 0.0 0.0 0.0 0.0 0.0 
3 27.006 0.0 0.0 0.0497657270869 0.0 0.0 0.0 0.0 0.0 0.0 0.0 0.0 0.0 0.0 0.0 0.0 0.0 0.0 0.0 0.0 0.0 0.0 0.0 0.0 
3 26.3882 0.0 0.0 0.0199612805072 0.0 0.0 0.0 0.0 0.0 0.0 0.0 0.0 0.0 0.0 0.0 0.0 0.0 0.0 0.0 0.0 0.0 0.0 0.0 0.0 
3 8.102 0.0 0.0 0.165881662023 0.0 0.0 0.0 0.0 0.0 0.0 0.0 0.0 0.0 0.0 0.0 0.0 0.0 0.0 0.0 0.0 0.0 0.0 0.0 0.0 
3 7.4842 0.0 0.0 0.0703805700383 0.0 0.0 0.0 0.0 0.0 0.0 0.0 0.0 0.0 0.0 0.0 0.0 0.0 0.0 0.0 0.0 0.0 0.0 0.0 0.0 
3 3.365 0.0 0.0 0.399397689661 0.0 0.0 0.0 0.0 0.0 0.0 0.0 0.0 0.0 0.0 0.0 0.0 0.0 0.0 0.0 0.0 0.0 0.0 0.0 0.0 
3 28.469 0.0 0.0 0.115186404805 0.0 0.0 0.0 0.0 0.0 0.0 0.0 0.0 0.0 0.0 0.0 0.0 0.0 0.0 0.0 0.0 0.0 0.0 0.0 0.0 
3 4.828 0.0 0.0 0.679213288815 0.0 0.0 0.0 0.0 0.0 0.0 0.0 0.0 0.0 0.0 0.0 0.0 0.0 0.0 0.0 0.0 0.0 0.0 0.0 0.0 
3 9.565 0.0 0.0 0.34283761196 0.0 0.0 0.0 0.0 0.0 0.0 0.0 0.0 0.0 0.0 0.0 0.0 0.0 0.0 0.0 0.0 0.0 0.0 0.0 0.0 
3 2.7472 0.0 0.0 0.191737864837 0.0 0.0 0.0 0.0 0.0 0.0 0.0 0.0 0.0 0.0 0.0 0.0 0.0 0.0 0.0 0.0 0.0 0.0 0.0 0.0 
3 7.0752 0.0 0.0 1.17319963234 0.0 0.0 0.0 0.0 0.0 0.0 0.0 0.0 0.0 0.0 0.0 0.0 0.0 0.0 0.0 0.0 0.0 0.0 0.0 0.0 
3 15.5802 0.0 0.0 1.2548687803 0.0 0.0 0.0 0.0 0.0 0.0 0.0 0.0 0.0 0.0 0.0 0.0 0.0 0.0 0.0 0.0 0.0 0.0 0.0 0.0 
3 37.1702 0.0 0.0 1.29433087842 0.0 0.0 0.0 0.0 0.0 0.0 0.0 0.0 0.0 0.0 0.0 0.0 0.0 0.0 0.0 0.0 0.0 0.0 0.0 0.0 
3 3.2792 0.0 0.0 1.00001273432 0.0 0.0 0.0 0.0 0.0 0.0 0.0 0.0 0.0 0.0 0.0 0.0 0.0 0.0 0.0 0.0 0.0 0.0 0.0 0.0 
3 8.624 0.0 0.0 0.962502555508 0.0 0.0 0.0 0.0 0.0 0.0 0.0 0.0 0.0 0.0 0.0 0.0 0.0 0.0 0.0 0.0 0.0 0.0 0.0 0.0 
3 1.8162 0.0 0.0 0.739991865273 0.0 0.0 0.0 0.0 0.0 0.0 0.0 0.0 0.0 0.0 0.0 0.0 0.0 0.0 0.0 0.0 0.0 0.0 0.0 0.0 
3 1.1984 0.0 0.0 0.439537935815 0.0 0.0 0.0 0.0 0.0 0.0 0.0 0.0 0.0 0.0 0.0 0.0 0.0 0.0 0.0 0.0 0.0 0.0 0.0 0.0 
3 17.129 0.0 0.0 1.14140385141 0.0 0.0 0.0 0.0 0.0 0.0 0.0 0.0 0.0 0.0 0.0 0.0 0.0 0.0 0.0 0.0 0.0 0.0 0.0 0.0 
3 38.719 0.0 0.0 1.24255630613 0.0 0.0 0.0 0.0 0.0 0.0 0.0 0.0 0.0 0.0 0.0 0.0 0.0 0.0 0.0 0.0 0.0 0.0 0.0 0.0 
3 36.632 0.0 0.0 1.31334728153 0.0 0.0 0.0 0.0 0.0 0.0 0.0 0.0 0.0 0.0 0.0 0.0 0.0 0.0 0.0 0.0 0.0 0.0 0.0 0.0 
3 15.042 0.0 0.0 1.29976775501 0.0 0.0 0.0 0.0 0.0 0.0 0.0 0.0 0.0 0.0 0.0 0.0 0.0 0.0 0.0 0.0 0.0 0.0 0.0 0.0 
3 6.537 0.0 0.0 1.26979073561 0.0 0.0 0.0 0.0 0.0 0.0 0.0 0.0 0.0 0.0 0.0 0.0 0.0 0.0 0.0 0.0 0.0 0.0 0.0 0.0 
3 2.741 0.0 0.0 1.19636693119 0.0 0.0 0.0 0.0 0.0 0.0 0.0 0.0 0.0 0.0 0.0 0.0 0.0 0.0 0.0 0.0 0.0 0.0 0.0 0.0 
3 1.278 0.0 0.0 1.05162224234 0.0 0.0 0.0 0.0 0.0 0.0 0.0 0.0 0.0 0.0 0.0 0.0 0.0 0.0 0.0 0.0 0.0 0.0 0.0 0.0 
3 0.6602 0.0 0.0 0.797852563285 0.0 0.0 0.0 0.0 0.0 0.0 0.0 0.0 0.0 0.0 0.0 0.0 0.0 0.0 0.0 0.0 0.0 0.0 0.0 0.0 
3 13.361 0.0 0.0 0.6212575435 0.0 0.0 0.0 0.0 0.0 0.0 0.0 0.0 0.0 0.0 0.0 0.0 0.0 0.0 0.0 0.0 0.0 0.0 0.0 0.0 
3 36.442 0.0 0.0 1.32019476475 0.0 0.0 0.0 0.0 0.0 0.0 0.0 0.0 0.0 0.0 0.0 0.0 0.0 0.0 0.0 0.0 0.0 0.0 0.0 0.0 
3 14.852 0.0 0.0 1.31639554072 0.0 0.0 0.0 0.0 0.0 0.0 0.0 0.0 0.0 0.0 0.0 0.0 0.0 0.0 0.0 0.0 0.0 0.0 0.0 0.0 
3 6.347 0.0 0.0 1.30780243244 0.0 0.0 0.0 0.0 0.0 0.0 0.0 0.0 0.0 0.0 0.0 0.0 0.0 0.0 0.0 0.0 0.0 0.0 0.0 0.0 
3 2.551 0.0 0.0 1.28547305308 0.0 0.0 0.0 0.0 0.0 0.0 0.0 0.0 0.0 0.0 0.0 0.0 0.0 0.0 0.0 0.0 0.0 0.0 0.0 0.0 
3 1.088 0.0 0.0 1.23526950892 0.0 0.0 0.0 0.0 0.0 0.0 0.0 0.0 0.0 0.0 0.0 0.0 0.0 0.0 0.0 0.0 0.0 0.0 0.0 0.0 
3 0.4702 0.0 0.0 1.12025151485 0.0 0.0 0.0 0.0 0.0 0.0 0.0 0.0 0.0 0.0 0.0 0.0 0.0 0.0 0.0 0.0 0.0 0.0 0.0 0.0 
3 32.265 0.0 0.0 0.257263971446 0.0 0.0 0.0 0.0 0.0 0.0 0.0 0.0 0.0 0.0 0.0 0.0 0.0 0.0 0.0 0.0 0.0 0.0 0.0 0.0 
3 21.866 0.0 0.0 0.894132743567 0.0 0.0 0.0 0.0 0.0 0.0 0.0 0.0 0.0 0.0 0.0 0.0 0.0 0.0 0.0 0.0 0.0 0.0 0.0 0.0 
3 43.456 0.0 0.0 1.10710920511 0.0 0.0 0.0 0.0 0.0 0.0 0.0 0.0 0.0 0.0 0.0 0.0 0.0 0.0 0.0 0.0 0.0 0.0 0.0 0.0 
3 40.77 0.0 0.0 0.479546396145 0.0 0.0 0.0 0.0 0.0 0.0 0.0 0.0 0.0 0.0 0.0 0.0 0.0 0.0 0.0 0.0 0.0 0.0 0.0 0.0 
3 62.36 0.0 0.0 0.771496754604 0.0 0.0 0.0 0.0 0.0 0.0 0.0 0.0 0.0 0.0 0.0 0.0 0.0 0.0 0.0 0.0 0.0 0.0 0.0 0.0 
3 62.36 0.0 0.0 0.0 0.0 0.0 0.0 0.0 0.0 0.0 0.0 0.0 0.0 0.0 0.0 0.0 0.0 0.0 0.0 0.0 0.0 0.0 0.0 0.0 
3 62.36 0.0 0.0 1.32280829302 0.0 0.0 0.0 -2.67808230608e-14 0.0 0.0 0.0 0.0 0.0 0.0 0.0 0.0 0.0 0.0 0.0 0.0 0.0 0.0 0.0 0.0 
3 40.77 0.0 0.0 0.0 0.0 0.0 0.0 0.0 0.0 0.0 0.0 0.0 0.0 0.0 0.0 0.0 0.0 0.0 0.0 0.0 0.0 0.0 0.0 0.0 
3 40.77 0.0 0.0 1.32280829302 0.0 0.0 0.0 -2.56202206278e-14 0.0 0.0 0.0 0.0 0.0 0.0 0.0 0.0 0.0 0.0 0.0 0.0 0.0 0.0 0.0 0.0 
3 32.265 0.0 0.0 0.0 0.0 0.0 0.0 0.0 0.0 0.0 0.0 0.0 0.0 0.0 0.0 0.0 0.0 0.0 0.0 0.0 0.0 0.0 0.0 0.0 
3 32.265 0.0 0.0 1.32280829302 0.0 0.0 0.0 -1.44435950232e-14 0.0 0.0 0.0 0.0 0.0 0.0 0.0 0.0 0.0 0.0 0.0 0.0 0.0 0.0 0.0 0.0 
3 43.456 0.0 0.0 0.0 0.0 0.0 0.0 0.0 0.0 0.0 0.0 0.0 0.0 0.0 0.0 0.0 0.0 0.0 0.0 0.0 0.0 0.0 0.0 0.0 
3 43.456 0.0 0.0 1.32280829302 0.0 0.0 0.0 0.0 0.0 0.0 0.0 0.0 0.0 0.0 0.0 0.0 0.0 0.0 0.0 0.0 0.0 0.0 0.0 0.0 
3 21.866 0.0 0.0 0.0 0.0 0.0 0.0 0.0 0.0 0.0 0.0 0.0 0.0 0.0 0.0 0.0 0.0 0.0 0.0 0.0 0.0 0.0 0.0 0.0 
3 21.866 0.0 0.0 1.32280829302 0.0 0.0 0.0 1.18014294893e-14 0.0 0.0 0.0 0.0 0.0 0.0 0.0 0.0 0.0 0.0 0.0 0.0 0.0 0.0 0.0 0.0 
3 28.469 0.0 0.0 0.0 0.0 0.0 0.0 0.0 0.0 0.0 0.0 0.0 0.0 0.0 0.0 0.0 0.0 0.0 0.0 0.0 0.0 0.0 0.0 0.0 
3 28.469 0.0 0.0 1.32280829302 0.0 0.0 0.0 0.0 0.0 0.0 0.0 0.0 0.0 0.0 0.0 0.0 0.0 0.0 0.0 0.0 0.0 0.0 0.0 0.0 
3 13.361 0.0 0.0 0.0 0.0 0.0 0.0 0.0 0.0 0.0 0.0 0.0 0.0 0.0 0.0 0.0 0.0 0.0 0.0 0.0 0.0 0.0 0.0 0.0 
3 13.361 0.0 0.0 1.32280829302 0.0 0.0 0.0 1.12243706359e-14 0.0 0.0 0.0 0.0 0.0 0.0 0.0 0.0 0.0 0.0 0.0 0.0 0.0 0.0 0.0 0.0 
3 9.565 0.0 0.0 0.0 0.0 0.0 0.0 0.0 0.0 0.0 0.0 0.0 0.0 0.0 0.0 0.0 0.0 0.0 0.0 0.0 0.0 0.0 0.0 0.0 
3 9.565 0.0 0.0 1.32280829302 0.0 0.0 0.0 0.0 0.0 0.0 0.0 0.0 0.0 0.0 0.0 0.0 0.0 0.0 0.0 0.0 0.0 0.0 0.0 0.0 
3 27.006 0.0 0.0 0.0 0.0 0.0 0.0 0.0 0.0 0.0 0.0 0.0 0.0 0.0 0.0 0.0 0.0 0.0 0.0 0.0 0.0 0.0 0.0 0.0 
3 27.006 0.0 0.0 1.32280829302 0.0 0.0 0.0 0.0 0.0 0.0 0.0 0.0 0.0 0.0 0.0 0.0 0.0 0.0 0.0 0.0 0.0 0.0 0.0 0.0 
3 38.719 0.0 0.0 0.0 0.0 0.0 0.0 0.0 0.0 0.0 0.0 0.0 0.0 0.0 0.0 0.0 0.0 0.0 0.0 0.0 0.0 0.0 0.0 0.0 
3 38.719 0.0 0.0 1.32280829302 0.0 0.0 0.0 0.0 0.0 0.0 0.0 0.0 0.0 0.0 0.0 0.0 0.0 0.0 0.0 0.0 0.0 0.0 0.0 0.0 
3 17.129 0.0 0.0 0.0 0.0 0.0 0.0 0.0 0.0 0.0 0.0 0.0 0.0 0.0 0.0 0.0 0.0 0.0 0.0 0.0 0.0 0.0 0.0 0.0 
3 17.129 0.0 0.0 1.32280829302 0.0 0.0 0.0 0.0 0.0 0.0 0.0 0.0 0.0 0.0 0.0 0.0 0.0 0.0 0.0 0.0 0.0 0.0 0.0 0.0 
3 8.624 0.0 0.0 0.0 0.0 0.0 0.0 0.0 0.0 0.0 0.0 0.0 0.0 0.0 0.0 0.0 0.0 0.0 0.0 0.0 0.0 0.0 0.0 0.0 
3 8.624 0.0 0.0 1.32280829302 0.0 0.0 0.0 0.0 0.0 0.0 0.0 0.0 0.0 0.0 0.0 0.0 0.0 0.0 0.0 0.0 0.0 0.0 0.0 0.0 
3 8.102 0.0 0.0 0.0 0.0 0.0 0.0 0.0 0.0 0.0 0.0 0.0 0.0 0.0 0.0 0.0 0.0 0.0 0.0 0.0 0.0 0.0 0.0 0.0 
3 8.102 0.0 0.0 1.32280829302 0.0 0.0 0.0 0.0 0.0 0.0 0.0 0.0 0.0 0.0 0.0 0.0 0.0 0.0 0.0 0.0 0.0 0.0 0.0 0.0 
3 4.828 0.0 0.0 0.0 0.0 0.0 0.0 0.0 0.0 0.0 0.0 0.0 0.0 0.0 0.0 0.0 0.0 0.0 0.0 0.0 0.0 0.0 0.0 0.0 
3 4.828 0.0 0.0 1.32280829302 0.0 0.0 0.0 0.0 0.0 0.0 0.0 0.0 0.0 0.0 0.0 0.0 0.0 0.0 0.0 0.0 0.0 0.0 0.0 0.0 
3 26.3882 0.0 0.0 0.0 0.0 0.0 0.0 0.0 0.0 0.0 0.0 0.0 0.0 0.0 0.0 0.0 0.0 0.0 0.0 0.0 0.0 0.0 0.0 0.0 
3 26.3882 0.0 0.0 1.32280829302 0.0 0.0 0.0 0.0 0.0 0.0 0.0 0.0 0.0 0.0 0.0 0.0 0.0 0.0 0.0 0.0 0.0 0.0 0.0 0.0 
3 3.365 0.0 0.0 0.0 0.0 0.0 0.0 0.0 0.0 0.0 0.0 0.0 0.0 0.0 0.0 0.0 0.0 0.0 0.0 0.0 0.0 0.0 0.0 0.0 
3 3.365 0.0 0.0 1.32280829302 0.0 0.0 0.0 0.0 0.0 0.0 0.0 0.0 0.0 0.0 0.0 0.0 0.0 0.0 0.0 0.0 0.0 0.0 0.0 0.0 
3 27.006 0.0 0.0 1.27304256593 0.0 0.0 0.0 0.0 0.0 0.0 0.0 0.0 0.0 0.0 0.0 0.0 0.0 0.0 0.0 0.0 0.0 0.0 0.0 0.0 
3 26.3882 0.0 0.0 1.30284701251 0.0 0.0 0.0 0.0 0.0 0.0 0.0 0.0 0.0 0.0 0.0 0.0 0.0 0.0 0.0 0.0 0.0 0.0 0.0 0.0 
3 7.4842 0.0 0.0 0.0 0.0 0.0 0.0 0.0 0.0 0.0 0.0 0.0 0.0 0.0 0.0 0.0 0.0 0.0 0.0 0.0 0.0 0.0 0.0 0.0 
3 7.4842 0.0 0.0 1.32280829302 0.0 0.0 0.0 0.0 0.0 0.0 0.0 0.0 0.0 0.0 0.0 0.0 0.0 0.0 0.0 0.0 0.0 0.0 0.0 0.0 
3 37.1702 0.0 0.0 0.0 0.0 0.0 0.0 0.0 0.0 0.0 0.0 0.0 0.0 0.0 0.0 0.0 0.0 0.0 0.0 0.0 0.0 0.0 0.0 0.0 
3 37.1702 0.0 0.0 1.32280829302 0.0 0.0 0.0 0.0 0.0 0.0 0.0 0.0 0.0 0.0 0.0 0.0 0.0 0.0 0.0 0.0 0.0 0.0 0.0 0.0 
3 15.5802 0.0 0.0 0.0 0.0 0.0 0.0 0.0 0.0 0.0 0.0 0.0 0.0 0.0 0.0 0.0 0.0 0.0 0.0 0.0 0.0 0.0 0.0 0.0 
3 15.5802 0.0 0.0 1.32280829302 0.0 0.0 0.0 0.0 0.0 0.0 0.0 0.0 0.0 0.0 0.0 0.0 0.0 0.0 0.0 0.0 0.0 0.0 0.0 0.0 
3 7.0752 0.0 0.0 0.0 0.0 0.0 0.0 0.0 0.0 0.0 0.0 0.0 0.0 0.0 0.0 0.0 0.0 0.0 0.0 0.0 0.0 0.0 0.0 0.0 
3 7.0752 0.0 0.0 1.32280829302 0.0 0.0 0.0 0.0 0.0 0.0 0.0 0.0 0.0 0.0 0.0 0.0 0.0 0.0 0.0 0.0 0.0 0.0 0.0 0.0 
3 8.102 0.0 0.0 1.156926631 0.0 0.0 0.0 0.0 0.0 0.0 0.0 0.0 0.0 0.0 0.0 0.0 0.0 0.0 0.0 0.0 0.0 0.0 0.0 0.0 
3 3.2792 0.0 0.0 0.0 0.0 0.0 0.0 0.0 0.0 0.0 0.0 0.0 0.0 0.0 0.0 0.0 0.0 0.0 0.0 0.0 0.0 0.0 0.0 0.0 
3 3.2792 0.0 0.0 1.32280829302 0.0 0.0 0.0 0.0 0.0 0.0 0.0 0.0 0.0 0.0 0.0 0.0 0.0 0.0 0.0 0.0 0.0 0.0 0.0 0.0 
3 7.4842 0.0 0.0 1.25242772298 0.0 0.0 0.0 0.0 0.0 0.0 0.0 0.0 0.0 0.0 0.0 0.0 0.0 0.0 0.0 0.0 0.0 0.0 0.0 0.0 
3 2.7472 0.0 0.0 0.0 0.0 0.0 0.0 0.0 0.0 0.0 0.0 0.0 0.0 0.0 0.0 0.0 0.0 0.0 0.0 0.0 0.0 0.0 0.0 0.0 
3 2.7472 0.0 0.0 1.32280829302 0.0 0.0 0.0 0.0 0.0 0.0 0.0 0.0 0.0 0.0 0.0 0.0 0.0 0.0 0.0 0.0 0.0 0.0 0.0 0.0 
3 1.8162 0.0 0.0 0.0 0.0 0.0 0.0 0.0 0.0 0.0 0.0 0.0 0.0 0.0 0.0 0.0 0.0 0.0 0.0 0.0 0.0 0.0 0.0 0.0 
3 1.8162 0.0 0.0 1.32280829302 0.0 0.0 0.0 0.0 0.0 0.0 0.0 0.0 0.0 0.0 0.0 0.0 0.0 0.0 0.0 0.0 0.0 0.0 0.0 0.0 
3 3.365 0.0 0.0 0.923410603359 0.0 0.0 0.0 0.0 0.0 0.0 0.0 0.0 0.0 0.0 0.0 0.0 0.0 0.0 0.0 0.0 0.0 0.0 0.0 0.0 
3 28.469 0.0 0.0 1.20762188821 0.0 0.0 0.0 0.0 0.0 0.0 0.0 0.0 0.0 0.0 0.0 0.0 0.0 0.0 0.0 0.0 0.0 0.0 0.0 0.0 
3 4.828 0.0 0.0 0.643595004205 0.0 0.0 0.0 0.0 0.0 0.0 0.0 0.0 0.0 0.0 0.0 0.0 0.0 0.0 0.0 0.0 0.0 0.0 0.0 0.0 
3 9.565 0.0 0.0 0.97997068106 0.0 0.0 0.0 0.0 0.0 0.0 0.0 0.0 0.0 0.0 0.0 0.0 0.0 0.0 0.0 0.0 0.0 0.0 0.0 0.0 
3 2.7472 0.0 0.0 1.13107042818 0.0 0.0 0.0 0.0 0.0 0.0 0.0 0.0 0.0 0.0 0.0 0.0 0.0 0.0 0.0 0.0 0.0 0.0 0.0 0.0 
3 1.1984 0.0 0.0 0.0 0.0 0.0 0.0 0.0 0.0 0.0 0.0 0.0 0.0 0.0 0.0 0.0 0.0 0.0 0.0 0.0 0.0 0.0 0.0 0.0 
3 1.1984 0.0 0.0 1.32280829302 0.0 0.0 0.0 0.0 0.0 0.0 0.0 0.0 0.0 0.0 0.0 0.0 0.0 0.0 0.0 0.0 0.0 0.0 0.0 0.0 
3 7.0752 0.0 0.0 0.149608660684 0.0 0.0 0.0 0.0 0.0 0.0 0.0 0.0 0.0 0.0 0.0 0.0 0.0 0.0 0.0 0.0 0.0 0.0 0.0 0.0 
3 15.5802 0.0 0.0 0.0679395127196 0.0 0.0 0.0 0.0 0.0 0.0 0.0 0.0 0.0 0.0 0.0 0.0 0.0 0.0 0.0 0.0 0.0 0.0 0.0 0.0 
3 37.1702 0.0 0.0 0.0284774145976 0.0 0.0 0.0 0.0 0.0 0.0 0.0 0.0 0.0 0.0 0.0 0.0 0.0 0.0 0.0 0.0 0.0 0.0 0.0 0.0 
3 3.2792 0.0 0.0 0.322795558696 0.0 0.0 0.0 0.0 0.0 0.0 0.0 0.0 0.0 0.0 0.0 0.0 0.0 0.0 0.0 0.0 0.0 0.0 0.0 0.0 
3 8.624 0.0 0.0 0.360305737512 0.0 0.0 0.0 0.0 0.0 0.0 0.0 0.0 0.0 0.0 0.0 0.0 0.0 0.0 0.0 0.0 0.0 0.0 0.0 0.0 
3 1.8162 0.0 0.0 0.582816427747 0.0 0.0 0.0 0.0 0.0 0.0 0.0 0.0 0.0 0.0 0.0 0.0 0.0 0.0 0.0 0.0 0.0 0.0 0.0 0.0 
3 1.1984 0.0 0.0 0.883270357205 0.0 0.0 0.0 0.0 0.0 0.0 0.0 0.0 0.0 0.0 0.0 0.0 0.0 0.0 0.0 0.0 0.0 0.0 0.0 0.0 
3 17.129 0.0 0.0 0.181404441608 0.0 0.0 0.0 0.0 0.0 0.0 0.0 0.0 0.0 0.0 0.0 0.0 0.0 0.0 0.0 0.0 0.0 0.0 0.0 0.0 
3 36.632 0.0 0.0 0.0 0.0 0.0 0.0 0.0 0.0 0.0 0.0 0.0 0.0 0.0 0.0 0.0 0.0 0.0 0.0 0.0 0.0 0.0 0.0 0.0 
3 36.632 0.0 0.0 1.32280829302 0.0 0.0 0.0 0.0 0.0 0.0 0.0 0.0 0.0 0.0 0.0 0.0 0.0 0.0 0.0 0.0 0.0 0.0 0.0 0.0 
3 15.042 0.0 0.0 0.0 0.0 0.0 0.0 0.0 0.0 0.0 0.0 0.0 0.0 0.0 0.0 0.0 0.0 0.0 0.0 0.0 0.0 0.0 0.0 0.0 
3 15.042 0.0 0.0 1.32280829302 0.0 0.0 0.0 0.0 0.0 0.0 0.0 0.0 0.0 0.0 0.0 0.0 0.0 0.0 0.0 0.0 0.0 0.0 0.0 0.0 
3 6.537 0.0 0.0 0.0 0.0 0.0 0.0 0.0 0.0 0.0 0.0 0.0 0.0 0.0 0.0 0.0 0.0 0.0 0.0 0.0 0.0 0.0 0.0 0.0 
3 6.537 0.0 0.0 1.32280829302 0.0 0.0 0.0 0.0 0.0 0.0 0.0 0.0 0.0 0.0 0.0 0.0 0.0 0.0 0.0 0.0 0.0 0.0 0.0 0.0 
3 38.719 0.0 0.0 0.0802519868877 0.0 0.0 0.0 0.0 0.0 0.0 0.0 0.0 0.0 0.0 0.0 0.0 0.0 0.0 0.0 0.0 0.0 0.0 0.0 0.0 
3 2.741 0.0 0.0 0.0 0.0 0.0 0.0 0.0 0.0 0.0 0.0 0.0 0.0 0.0 0.0 0.0 0.0 0.0 0.0 0.0 0.0 0.0 0.0 0.0 
3 2.741 0.0 0.0 1.32280829302 0.0 0.0 0.0 0.0 0.0 0.0 0.0 0.0 0.0 0.0 0.0 0.0 0.0 0.0 0.0 0.0 0.0 0.0 0.0 0.0 
3 1.278 0.0 0.0 0.0 0.0 0.0 0.0 0.0 0.0 0.0 0.0 0.0 0.0 0.0 0.0 0.0 0.0 0.0 0.0 0.0 0.0 0.0 0.0 0.0 
3 1.278 0.0 0.0 1.32280829302 0.0 0.0 0.0 0.0 0.0 0.0 0.0 0.0 0.0 0.0 0.0 0.0 0.0 0.0 0.0 0.0 0.0 0.0 0.0 0.0 
3 36.632 0.0 0.0 0.00946101148644 0.0 0.0 0.0 0.0 0.0 0.0 0.0 0.0 0.0 0.0 0.0 0.0 0.0 0.0 0.0 0.0 0.0 0.0 0.0 0.0 
3 15.042 0.0 0.0 0.0230405380116 0.0 0.0 0.0 0.0 0.0 0.0 0.0 0.0 0.0 0.0 0.0 0.0 0.0 0.0 0.0 0.0 0.0 0.0 0.0 0.0 
3 6.537 0.0 0.0 0.0530175574073 0.0 0.0 0.0 0.0 0.0 0.0 0.0 0.0 0.0 0.0 0.0 0.0 0.0 0.0 0.0 0.0 0.0 0.0 0.0 0.0 
3 2.741 0.0 0.0 0.126441361828 0.0 0.0 0.0 0.0 0.0 0.0 0.0 0.0 0.0 0.0 0.0 0.0 0.0 0.0 0.0 0.0 0.0 0.0 0.0 0.0 
3 0.6602 0.0 0.0 0.0 0.0 0.0 0.0 0.0 0.0 0.0 0.0 0.0 0.0 0.0 0.0 0.0 0.0 0.0 0.0 0.0 0.0 0.0 0.0 0.0 
3 0.6602 0.0 0.0 1.32280829302 0.0 0.0 0.0 0.0 0.0 0.0 0.0 0.0 0.0 0.0 0.0 0.0 0.0 0.0 0.0 0.0 0.0 0.0 0.0 0.0 
3 1.278 0.0 0.0 0.271186050682 0.0 0.0 0.0 0.0 0.0 0.0 0.0 0.0 0.0 0.0 0.0 0.0 0.0 0.0 0.0 0.0 0.0 0.0 0.0 0.0 
3 0.6602 0.0 0.0 0.524955729735 0.0 0.0 0.0 0.0 0.0 0.0 0.0 0.0 0.0 0.0 0.0 0.0 0.0 0.0 0.0 0.0 0.0 0.0 0.0 0.0 
3 13.361 0.0 0.0 0.70155074952 0.0 0.0 0.0 0.0 0.0 0.0 0.0 0.0 0.0 0.0 0.0 0.0 0.0 0.0 0.0 0.0 0.0 0.0 0.0 0.0 
3 36.442 0.0 0.0 0.0 0.0 0.0 0.0 0.0 0.0 0.0 0.0 0.0 0.0 0.0 0.0 0.0 0.0 0.0 0.0 0.0 0.0 0.0 0.0 0.0 
3 36.442 0.0 0.0 1.32280829302 0.0 0.0 0.0 0.0 0.0 0.0 0.0 0.0 0.0 0.0 0.0 0.0 0.0 0.0 0.0 0.0 0.0 0.0 0.0 0.0 
3 14.852 0.0 0.0 0.0 0.0 0.0 0.0 0.0 0.0 0.0 0.0 0.0 0.0 0.0 0.0 0.0 0.0 0.0 0.0 0.0 0.0 0.0 0.0 0.0 
3 14.852 0.0 0.0 1.32280829302 0.0 0.0 0.0 0.0 0.0 0.0 0.0 0.0 0.0 0.0 0.0 0.0 0.0 0.0 0.0 0.0 0.0 0.0 0.0 0.0 
3 6.347 0.0 0.0 0.0 0.0 0.0 0.0 0.0 0.0 0.0 0.0 0.0 0.0 0.0 0.0 0.0 0.0 0.0 0.0 0.0 0.0 0.0 0.0 0.0 
3 6.347 0.0 0.0 1.32280829302 0.0 0.0 0.0 0.0 0.0 0.0 0.0 0.0 0.0 0.0 0.0 0.0 0.0 0.0 0.0 0.0 0.0 0.0 0.0 0.0 
3 2.551 0.0 0.0 0.0 0.0 0.0 0.0 0.0 0.0 0.0 0.0 0.0 0.0 0.0 0.0 0.0 0.0 0.0 0.0 0.0 0.0 0.0 0.0 0.0 
3 2.551 0.0 0.0 1.32280829302 0.0 0.0 0.0 0.0 0.0 0.0 0.0 0.0 0.0 0.0 0.0 0.0 0.0 0.0 0.0 0.0 0.0 0.0 0.0 0.0 
3 1.088 0.0 0.0 0.0 0.0 0.0 0.0 0.0 0.0 0.0 0.0 0.0 0.0 0.0 0.0 0.0 0.0 0.0 0.0 0.0 0.0 0.0 0.0 0.0 
3 1.088 0.0 0.0 1.32280829302 0.0 0.0 0.0 0.0 0.0 0.0 0.0 0.0 0.0 0.0 0.0 0.0 0.0 0.0 0.0 0.0 0.0 0.0 0.0 0.0 
3 36.442 0.0 0.0 0.00261352826676 0.0 0.0 0.0 0.0 0.0 0.0 0.0 0.0 0.0 0.0 0.0 0.0 0.0 0.0 0.0 0.0 0.0 0.0 0.0 0.0 
3 14.852 0.0 0.0 0.00641275229581 0.0 0.0 0.0 0.0 0.0 0.0 0.0 0.0 0.0 0.0 0.0 0.0 0.0 0.0 0.0 0.0 0.0 0.0 0.0 0.0 
3 6.347 0.0 0.0 0.0150058605794 0.0 0.0 0.0 0.0 0.0 0.0 0.0 0.0 0.0 0.0 0.0 0.0 0.0 0.0 0.0 0.0 0.0 0.0 0.0 0.0 
3 2.551 0.0 0.0 0.0373352399441 0.0 0.0 0.0 0.0 0.0 0.0 0.0 0.0 0.0 0.0 0.0 0.0 0.0 0.0 0.0 0.0 0.0 0.0 0.0 0.0 
3 1.088 0.0 0.0 0.0875387840969 0.0 0.0 0.0 0.0 0.0 0.0 0.0 0.0 0.0 0.0 0.0 0.0 0.0 0.0 0.0 0.0 0.0 0.0 0.0 0.0 
3 0.4702 0.0 0.0 0.0 0.0 0.0 0.0 0.0 0.0 0.0 0.0 0.0 0.0 0.0 0.0 0.0 0.0 0.0 0.0 0.0 0.0 0.0 0.0 0.0 
3 0.4702 0.0 0.0 1.32280829302 0.0 0.0 0.0 0.0 0.0 0.0 0.0 0.0 0.0 0.0 0.0 0.0 0.0 0.0 0.0 0.0 0.0 0.0 0.0 0.0 
3 0.4702 0.0 0.0 0.202556778174 0.0 0.0 0.0 0.0 0.0 0.0 0.0 0.0 0.0 0.0 0.0 0.0 0.0 0.0 0.0 0.0 0.0 0.0 0.0 0.0 
3 32.265 0.0 0.0 1.06554432157 0.0 0.0 0.0 0.0 0.0 0.0 0.0 0.0 0.0 0.0 0.0 0.0 0.0 0.0 0.0 0.0 0.0 0.0 0.0 0.0 
3 21.866 0.0 0.0 0.428675549453 0.0 0.0 0.0 0.0 0.0 0.0 0.0 0.0 0.0 0.0 0.0 0.0 0.0 0.0 0.0 0.0 0.0 0.0 0.0 0.0 
3 43.456 0.0 0.0 0.215699087913 0.0 0.0 0.0 0.0 0.0 0.0 0.0 0.0 0.0 0.0 0.0 0.0 0.0 0.0 0.0 0.0 0.0 0.0 0.0 0.0 
3 40.77 0.0 0.0 0.843261896875 0.0 0.0 0.0 0.0 0.0 0.0 0.0 0.0 0.0 0.0 0.0 0.0 0.0 0.0 0.0 0.0 0.0 0.0 0.0 0.0 
3 62.36 0.0 0.0 0.551311538415 0.0 0.0 0.0 0.0 0.0 0.0 0.0 0.0 0.0 0.0 0.0 0.0 0.0 0.0 0.0 0.0 0.0 0.0 0.0 0.0 
4 51.98 0.0 0.0 0.0 0.000294469474933 0.0 0.0 0.0 1.88835112821e-06 0.0 0.0 1.88835112821e-06 0.0 1.88835112821e-06 0.0 0.0 0.0 0.0 0.0 0.0 0.0 0.0 0.0 0.0 1.81642086207e-09 0.0 0.0 3.63284172415e-09 0.0 3.63284172415e-09 0.0 0.0 0.0 0.0 1.81642086207e-09 0.0 3.63284172415e-09 0.0 1.81642086207e-09 
4 51.98 0.0 0.0 1.32280829302 0.000294469474933 0.0 0.0 0.0 1.88835112821e-06 0.0 0.0 1.88835112821e-06 0.0 1.88835112821e-06 0.0 0.0 0.0 0.0 0.0 0.0 0.0 0.0 0.0 0.0 1.81642086207e-09 0.0 0.0 3.63284172414e-09 0.0 3.63284172415e-09 0.0 0.0 0.0 0.0 1.81642086207e-09 0.0 3.63284172414e-09 0.0 1.81642086207e-09 
4 33.076 0.0 0.0 0.0 -0.000343776327743 0.0 0.0 0.0 -3.46450928914e-06 0.0 0.0 -3.46450928914e-06 0.0 -3.46450928914e-06 0.0 0.0 0.0 0.0 0.0 0.0 0.0 0.0 0.0 0.0 -5.23719507972e-09 0.0 0.0 -1.04743901595e-08 0.0 -1.04743901595e-08 0.0 0.0 0.0 0.0 -5.23719507973e-09 0.0 -1.04743901595e-08 0.0 -5.23719507973e-09 
4 33.076 0.0 0.0 1.32280829302 -0.000343776327743 0.0 0.0 0.0 -3.46450928914e-06 0.0 0.0 -3.46450928914e-06 0.0 -3.46450928914e-06 0.0 0.0 0.0 0.0 0.0 0.0 0.0 0.0 0.0 0.0 -5.23719507972e-09 0.0 0.0 -1.04743901594e-08 0.0 -1.04743901595e-08 0.0 0.0 0.0 0.0 -5.23719507973e-09 0.0 -1.04743901595e-08 0.0 -5.23719507972e-09 
4 14.172 0.0 0.0 0.0 0.000221293551253 0.0 0.0 0.0 5.20494757863e-06 0.0 0.0 5.20494757864e-06 0.0 5.20494757863e-06 0.0 0.0 0.0 0.0 0.0 0.0 0.0 0.0 0.0 0.0 1.83634899049e-08 0.0 0.0 3.67269798098e-08 0.0 3.67269798097e-08 0.0 0.0 0.0 0.0 1.83634899049e-08 0.0 3.67269798098e-08 0.0 1.83634899049e-08 
4 14.172 0.0 0.0 1.32280829302 0.000221293551253 0.0 0.0 0.0 5.20494757863e-06 0.0 0.0 5.20494757863e-06 0.0 5.20494757863e-06 0.0 0.0 0.0 0.0 0.0 0.0 0.0 0.0 0.0 0.0 1.83634899049e-08 0.0 0.0 3.67269798097e-08 0.0 3.67269798098e-08 0.0 0.0 0.0 0.0 1.83634899049e-08 0.0 3.67269798097e-08 0.0 1.83634899049e-08 
4 28.339 0.0 0.0 0.0 -0.0010554743599 0.0 0.0 0.0 -1.2414862438e-05 0.0 0.0 -1.2414862438e-05 0.0 -1.2414862438e-05 0.0 0.0 0.0 0.0 0.0 0.0 0.0 0.0 0.0 0.0 -2.1904199933e-08 0.0 0.0 -4.38083998661e-08 0.0 -4.38083998661e-08 0.0 0.0 0.0 0.0 -2.1904199933e-08 0.0 -4.38083998661e-08 0.0 -2.1904199933e-08 
4 28.339 0.0 0.0 1.32280829302 -0.0010554743599 0.0 0.0 0.0 -1.2414862438e-05 0.0 0.0 -1.2414862438e-05 0.0 -1.2414862438e-05 0.0 0.0 0.0 0.0 0.0 0.0 0.0 0.0 0.0 0.0 -2.1904199933e-08 0.0 0.0 -4.3808399866e-08 0.0 -4.38083998661e-08 0.0 0.0 0.0 0.0 -2.1904199933e-08 0.0 -4.38083998661e-08 0.0 -2.1904199933e-08 
4 9.435 0.0 0.0 0.0 0.00225056742083 0.0 0.0 0.0 7.95113026259e-05 0.0 0.0 7.95113026259e-05 0.0 7.95113026259e-05 0.0 0.0 0.0 0.0 0.0 0.0 0.0 0.0 0.0 0.0 4.21363553926e-07 0.0 0.0 8.42727107853e-07 0.0 8.42727107853e-07 0.0 0.0 0.0 0.0 4.21363553926e-07 0.0 8.42727107853e-07 0.0 4.21363553926e-07 
4 9.435 0.0 0.0 1.32280829302 0.00225056742083 0.0 0.0 0.0 7.95113026259e-05 0.0 0.0 7.95113026259e-05 0.0 7.95113026259e-05 0.0 0.0 0.0 0.0 0.0 0.0 0.0 0.0 0.0 0.0 4.21363553926e-07 0.0 0.0 8.42727107853e-07 0.0 8.42727107853e-07 0.0 0.0 0.0 0.0 4.21363553926e-07 0.0 8.42727107853e-07 0.0 4.21363553926e-07 
4 26.7902 0.0 0.0 0.0 -0.00125282140788 0.0 0.0 0.0 -1.55880559294e-05 0.0 0.0 -1.55880559294e-05 0.0 -1.55880559294e-05 0.0 0.0 0.0 0.0 0.0 0.0 0.0 0.0 0.0 0.0 -2.90928323219e-08 0.0 0.0 -5.81856646438e-08 0.0 -5.81856646437e-08 0.0 0.0 0.0 0.0 -2.90928323219e-08 0.0 -5.81856646438e-08 0.0 -2.90928323219e-08 
4 26.7902 0.0 0.0 1.32280829302 -0.00125282140788 0.0 0.0 0.0 -1.55880559294e-05 0.0 0.0 -1.55880559294e-05 0.0 -1.55880559294e-05 0.0 0.0 0.0 0.0 0.0 0.0 0.0 0.0 0.0 0.0 -2.90928323219e-08 0.0 0.0 -5.81856646437e-08 0.0 -5.81856646438e-08 0.0 0.0 0.0 0.0 -2.90928323219e-08 0.0 -5.81856646437e-08 0.0 -2.90928323219e-08 
4 4.698 0.0 0.0 0.0 0.0102290337533 0.0 0.0 0.0 0.000725772226006 0.0 0.0 0.000725772226006 0.0 0.000725772226006 0.0 0.0 0.0 0.0 0.0 0.0 0.0 0.0 0.0 0.0 7.7242680503e-06 0.0 0.0 1.54485361006e-05 0.0 1.54485361006e-05 0.0 0.0 0.0 0.0 7.7242680503e-06 0.0 1.54485361006e-05 0.0 7.7242680503e-06 
4 4.698 0.0 0.0 1.32280829302 0.0102290337533 0.0 0.0 0.0 0.000725772226006 0.0 0.0 0.000725772226006 0.0 0.000725772226006 0.0 0.0 0.0 0.0 0.0 0.0 0.0 0.0 0.0 0.0 7.7242680503e-06 0.0 0.0 1.54485361006e-05 0.0 1.54485361006e-05 0.0 0.0 0.0 0.0 7.7242680503e-06 0.0 1.54485361006e-05 0.0 7.7242680503e-06 
4 7.8862 0.0 0.0 0.0 0.00341715446308 0.0 0.0 0.0 0.000144436038611 0.0 0.0 0.000144436038611 0.0 0.000144436038611 0.0 0.0 0.0 0.0 0.0 0.0 0.0 0.0 0.0 0.0 9.15751810828e-07 0.0 0.0 1.83150362166e-06 0.0 1.83150362166e-06 0.0 0.0 0.0 0.0 9.15751810828e-07 0.0 1.83150362166e-06 0.0 9.15751810828e-07 
4 7.8862 0.0 0.0 1.32280829302 0.00341715446308 0.0 0.0 0.0 0.000144436038611 0.0 0.0 0.000144436038611 0.0 0.000144436038611 0.0 0.0 0.0 0.0 0.0 0.0 0.0 0.0 0.0 0.0 9.15751810828e-07 0.0 0.0 1.83150362166e-06 0.0 1.83150362166e-06 0.0 0.0 0.0 0.0 9.15751810828e-07 0.0 1.83150362166e-06 0.0 9.15751810828e-07 
4 26.7902 0.0 0.0 1.2832971585 0.0 0.0 0.0 0.0 0.0 0.0 0.0 0.0 0.0 0.0 0.0 0.0 0.0 0.0 0.0 0.0 0.0 0.0 0.0 0.0 0.0 0.0 0.0 0.0 0.0 0.0 0.0 0.0 0.0 0.0 0.0 0.0 0.0 0.0 0.0 
4 26.7902 0.0 0.0 0.0395111345221 0.0 0.0 0.0 0.0 0.0 0.0 0.0 0.0 0.0 0.0 0.0 0.0 0.0 0.0 0.0 0.0 0.0 0.0 0.0 0.0 0.0 0.0 0.0 0.0 0.0 0.0 0.0 0.0 0.0 0.0 0.0 0.0 0.0 0.0 0.0 
4 3.1492 0.0 0.0 0.0 0.0482963704559 0.0 0.0 0.0 0.00511202532451 0.0 0.0 0.00511202532451 0.0 0.00511202532451 0.0 0.0 0.0 0.0 0.0 0.0 0.0 0.0 0.0 0.0 8.11638721661e-05 0.0 0.0 0.000162327744332 0.0 0.000162327744332 0.0 0.0 0.0 0.0 8.11638721661e-05 0.0 0.000162327744332 0.0 8.11638721661e-05 
4 3.1492 0.0 0.0 1.32280829302 0.0482963704559 0.0 0.0 0.0 0.00511202532451 0.0 0.0 0.00511202532451 0.0 0.00511202532451 0.0 0.0 0.0 0.0 0.0 0.0 0.0 0.0 0.0 0.0 8.11638721661e-05 0.0 0.0 0.000162327744332 0.0 0.000162327744332 0.0 0.0 0.0 0.0 8.11638721661e-05 0.0 0.000162327744332 0.0 8.11638721661e-05 
4 26.252 0.0 0.0 0.0 -0.000196408031244 0.0 0.0 0.0 -2.49388022809e-06 0.0 0.0 -2.49388022809e-06 0.0 -2.49388022809e-06 0.0 0.0 0.0 0.0 0.0 0.0 0.0 0.0 0.0 0.0 -4.74988615742e-09 0.0 0.0 -9.49977231485e-09 0.0 -9.49977231485e-09 0.0 0.0 0.0 0.0 -4.74988615742e-09 0.0 -9.49977231485e-09 0.0 -4.74988615742e-09 
4 26.252 0.0 0.0 1.32280829302 -0.000196408031244 0.0 0.0 0.0 -2.49388022809e-06 0.0 0.0 -2.49388022809e-06 0.0 -2.49388022809e-06 0.0 0.0 0.0 0.0 0.0 0.0 0.0 0.0 0.0 0.0 -4.74988615742e-09 0.0 0.0 -9.49977231484e-09 0.0 -9.49977231486e-09 0.0 0.0 0.0 0.0 -4.74988615742e-09 0.0 -9.49977231485e-09 0.0 -4.74988615742e-09 
4 28.339 0.0 0.0 1.21316163364 0.0 0.0 0.0 0.0 0.0 0.0 0.0 0.0 0.0 0.0 0.0 0.0 0.0 0.0 0.0 0.0 0.0 0.0 0.0 0.0 0.0 0.0 0.0 0.0 0.0 0.0 0.0 0.0 0.0 0.0 0.0 0.0 0.0 0.0 0.0 
4 28.339 0.0 0.0 0.109646659385 0.0 0.0 0.0 0.0 0.0 0.0 0.0 0.0 0.0 0.0 0.0 0.0 0.0 0.0 0.0 0.0 0.0 0.0 0.0 0.0 0.0 0.0 0.0 0.0 0.0 0.0 0.0 0.0 0.0 0.0 0.0 0.0 0.0 0.0 0.0 
4 7.8862 0.0 0.0 1.18858506814 0.0 0.0 0.0 0.0 0.0 0.0 0.0 0.0 0.0 0.0 0.0 0.0 0.0 0.0 0.0 0.0 0.0 0.0 0.0 0.0 0.0 0.0 0.0 0.0 0.0 0.0 0.0 0.0 0.0 0.0 0.0 0.0 0.0 0.0 0.0 
4 7.8862 0.0 0.0 0.134223224883 0.0 0.0 0.0 0.0 0.0 0.0 0.0 0.0 0.0 0.0 0.0 0.0 0.0 0.0 0.0 0.0 0.0 0.0 0.0 0.0 0.0 0.0 0.0 0.0 0.0 0.0 0.0 0.0 0.0 0.0 0.0 0.0 0.0 0.0 0.0 
4 9.435 0.0 0.0 0.993473191769 0.0 0.0 0.0 0.0 0.0 0.0 0.0 0.0 0.0 0.0 0.0 0.0 0.0 0.0 0.0 0.0 0.0 0.0 0.0 0.0 0.0 0.0 0.0 0.0 0.0 0.0 0.0 0.0 0.0 0.0 0.0 0.0 0.0 0.0 0.0 
4 9.435 0.0 0.0 0.329335101251 0.0 0.0 0.0 0.0 0.0 0.0 0.0 0.0 0.0 0.0 0.0 0.0 0.0 0.0 0.0 0.0 0.0 0.0 0.0 0.0 0.0 0.0 0.0 0.0 0.0 0.0 0.0 0.0 0.0 0.0 0.0 0.0 0.0 0.0 0.0 
4 4.698 0.0 0.0 0.66140414651 0.0 0.0 0.0 0.0 0.0 0.0 0.0 0.0 0.0 0.0 0.0 0.0 0.0 0.0 0.0 0.0 0.0 0.0 0.0 0.0 0.0 0.0 0.0 0.0 0.0 0.0 0.0 0.0 0.0 0.0 0.0 0.0 0.0 0.0 0.0 
4 26.252 0.0 0.0 1.3096064123 0.0 0.0 0.0 0.0 0.0 0.0 0.0 0.0 0.0 0.0 0.0 0.0 0.0 0.0 0.0 0.0 0.0 0.0 0.0 0.0 0.0 0.0 0.0 0.0 0.0 0.0 0.0 0.0 0.0 0.0 0.0 0.0 0.0 0.0 0.0 
4 26.252 0.0 0.0 0.0132018807242 0.0 0.0 0.0 0.0 0.0 0.0 0.0 0.0 0.0 0.0 0.0 0.0 0.0 0.0 0.0 0.0 0.0 0.0 0.0 0.0 0.0 0.0 0.0 0.0 0.0 0.0 0.0 0.0 0.0 0.0 0.0 0.0 0.0 0.0 0.0 
4 1.6004 0.0 0.0 0.0 0.0991864270133 0.0 0.0 0.0 0.0206586742925 0.0 0.0 0.0206586742925 0.0 0.0206586742925 0.0 0.0 0.0 0.0 0.0 0.0 0.0 0.0 0.0 0.0 0.000645422216088 0.0 0.0 0.00129084443218 0.0 0.00129084443218 0.0 0.0 0.0 0.0 0.000645422216088 0.0 0.00129084443218 0.0 0.000645422216088 
4 1.6004 0.0 0.0 1.32280829302 0.0991864270133 0.0 0.0 0.0 0.0206586742925 0.0 0.0 0.0206586742925 0.0 0.0206586742925 0.0 0.0 0.0 0.0 0.0 0.0 0.0 0.0 0.0 0.0 0.000645422216088 0.0 0.0 0.00129084443218 0.0 0.00129084443218 0.0 0.0 0.0 0.0 0.000645422216088 0.0 0.00129084443218 0.0 0.000645422216088 
4 3.1492 0.0 0.0 0.986687628701 0.0 0.0 0.0 0.0 0.0 0.0 0.0 0.0 0.0 0.0 0.0 0.0 0.0 0.0 0.0 0.0 0.0 0.0 0.0 0.0 0.0 0.0 0.0 0.0 0.0 0.0 0.0 0.0 0.0 0.0 0.0 0.0 0.0 0.0 0.0 
4 3.1492 0.0 0.0 0.336120664319 0.0 0.0 0.0 0.0 0.0 0.0 0.0 0.0 0.0 0.0 0.0 0.0 0.0 0.0 0.0 0.0 0.0 0.0 0.0 0.0 0.0 0.0 0.0 0.0 0.0 0.0 0.0 0.0 0.0 0.0 0.0 0.0 0.0 0.0 0.0 
4 7.348 0.0 0.0 0.0 0.000592522497778 0.0 0.0 0.0 2.68790826428e-05 0.0 0.0 2.68790826428e-05 0.0 2.68790826428e-05 0.0 0.0 0.0 0.0 0.0 0.0 0.0 0.0 0.0 0.0 1.82900671222e-07 0.0 0.0 3.65801342445e-07 0.0 3.65801342444e-07 0.0 0.0 0.0 0.0 1.82900671222e-07 0.0 3.65801342445e-07 0.0 1.82900671222e-07 
4 7.348 0.0 0.0 1.32280829302 0.000592522497778 0.0 0.0 0.0 2.68790826428e-05 0.0 0.0 2.68790826428e-05 0.0 2.68790826428e-05 0.0 0.0 0.0 0.0 0.0 0.0 0.0 0.0 0.0 0.0 1.82900671222e-07 0.0 0.0 3.65801342444e-07 0.0 3.65801342445e-07 0.0 0.0 0.0 0.0 1.82900671222e-07 0.0 3.65801342445e-07 0.0 1.82900671222e-07 
4 7.348 0.0 0.0 1.27564229237 0.0 0.0 0.0 0.0 0.0 0.0 0.0 0.0 0.0 0.0 0.0 0.0 0.0 0.0 0.0 0.0 0.0 0.0 0.0 0.0 0.0 0.0 0.0 0.0 0.0 0.0 0.0 0.0 0.0 0.0 0.0 0.0 0.0 0.0 0.0 
4 7.348 0.0 0.0 0.0471660006493 0.0 0.0 0.0 0.0 0.0 0.0 0.0 0.0 0.0 0.0 0.0 0.0 0.0 0.0 0.0 0.0 0.0 0.0 0.0 0.0 0.0 0.0 0.0 0.0 0.0 0.0 0.0 0.0 0.0 0.0 0.0 0.0 0.0 0.0 0.0 
4 2.611 0.0 0.0 0.0 0.0105765540232 0.0 0.0 0.0 0.00135025584364 0.0 0.0 0.00135025584364 0.0 0.00135025584364 0.0 0.0 0.0 0.0 0.0 0.0 0.0 0.0 0.0 0.0 2.58570632638e-05 0.0 0.0 5.17141265277e-05 0.0 5.17141265277e-05 0.0 0.0 0.0 0.0 2.58570632638e-05 0.0 5.17141265277e-05 0.0 2.58570632638e-05 
4 2.611 0.0 0.0 1.32280829302 0.0105765540232 0.0 0.0 0.0 0.00135025584364 0.0 0.0 0.00135025584364 0.0 0.00135025584364 0.0 0.0 0.0 0.0 0.0 0.0 0.0 0.0 0.0 0.0 2.58570632638e-05 0.0 0.0 5.17141265277e-05 0.0 5.17141265277e-05 0.0 0.0 0.0 0.0 2.58570632638e-05 0.0 5.17141265277e-05 0.0 2.58570632638e-05 
4 1.6004 0.0 0.0 0.66140414651 0.0 0.0 0.0 0.0 0.0 0.0 0.0 0.0 0.0 0.0 0.0 0.0 0.0 0.0 0.0 0.0 0.0 0.0 0.0 0.0 0.0 0.0 0.0 0.0 0.0 0.0 0.0 0.0 0.0 0.0 0.0 0.0 0.0 0.0 0.0 
4 2.611 0.0 0.0 1.19007149763 0.0 0.0 0.0 0.0 0.0 0.0 0.0 0.0 0.0 0.0 0.0 0.0 0.0 0.0 0.0 0.0 0.0 0.0 0.0 0.0 0.0 0.0 0.0 0.0 0.0 0.0 0.0 0.0 0.0 0.0 0.0 0.0 0.0 0.0 0.0 
4 2.611 0.0 0.0 0.132736795393 0.0 0.0 0.0 0.0 0.0 0.0 0.0 0.0 0.0 0.0 0.0 0.0 0.0 0.0 0.0 0.0 0.0 0.0 0.0 0.0 0.0 0.0 0.0 0.0 0.0 0.0 0.0 0.0 0.0 0.0 0.0 0.0 0.0 0.0 0.0 
4 14.172 0.0 0.0 0.66140414651 0.0 0.0 0.0 0.0 0.0 0.0 0.0 0.0 0.0 0.0 0.0 0.0 0.0 0.0 0.0 0.0 0.0 0.0 0.0 0.0 0.0 0.0 0.0 0.0 0.0 0.0 0.0 0.0 0.0 0.0 0.0 0.0 0.0 0.0 0.0 
4 1.0622 0.0 0.0 0.0 0.0677906329611 0.0 0.0 0.0 0.0212736562358 0.0 0.0 0.0212736562358 0.0 0.0212736562358 0.0 0.0 0.0 0.0 0.0 0.0 0.0 0.0 0.0 0.0 0.00100139598173 0.0 0.0 0.00200279196346 0.0 0.00200279196346 0.0 0.0 0.0 0.0 0.00100139598173 0.0 0.00200279196346 0.0 0.00100139598173 
4 1.0622 0.0 0.0 1.32280829302 0.0677906329611 0.0 0.0 0.0 0.0212736562358 0.0 0.0 0.0212736562358 0.0 0.0212736562358 0.0 0.0 0.0 0.0 0.0 0.0 0.0 0.0 0.0 0.0 0.00100139598173 0.0 0.0 0.00200279196346 0.0 0.00200279196346 0.0 0.0 0.0 0.0 0.00100139598173 0.0 0.00200279196346 0.0 0.00100139598173 
4 26.062 0.0 0.0 0.0 -2.96714349619e-07 0.0 0.0 0.0 -3.79498055431e-09 0.0 0.0 -3.79498055431e-09 0.0 -3.79498055431e-09 0.0 0.0 0.0 0.0 0.0 0.0 0.0 0.0 0.0 0.0 -7.28067791096e-12 0.0 0.0 -1.45613558219e-11 0.0 -1.45613558219e-11 0.0 0.0 0.0 0.0 -7.28067791096e-12 0.0 -1.45613558219e-11 0.0 -7.28067791096e-12 
4 26.062 0.0 0.0 1.32280829302 -2.96714349619e-07 0.0 0.0 0.0 -3.79498055431e-09 0.0 0.0 -3.79498055431e-09 0.0 -3.79498055431e-09 0.0 0.0 0.0 0.0 0.0 0.0 0.0 0.0 0.0 0.0 -7.28067791096e-12 0.0 0.0 -1.45613558219e-11 0.0 -1.45613558219e-11 0.0 0.0 0.0 0.0 -7.28067791096e-12 0.0 -1.45613558219e-11 0.0 -7.28067791096e-12 
4 26.062 0.0 0.0 1.31915384604 0.0 0.0 0.0 0.0 0.0 0.0 0.0 0.0 0.0 0.0 0.0 0.0 0.0 0.0 0.0 0.0 0.0 0.0 0.0 0.0 0.0 0.0 0.0 0.0 0.0 0.0 0.0 0.0 0.0 0.0 0.0 0.0 0.0 0.0 0.0 
4 26.062 0.0 0.0 0.00365444697634 0.0 0.0 0.0 0.0 0.0 0.0 0.0 0.0 0.0 0.0 0.0 0.0 0.0 0.0 0.0 0.0 0.0 0.0 0.0 0.0 0.0 0.0 0.0 0.0 0.0 0.0 0.0 0.0 0.0 0.0 0.0 0.0 0.0 0.0 0.0 
4 1.0622 0.0 0.0 0.996527203987 0.0 0.0 0.0 0.0 0.0 0.0 0.0 0.0 0.0 0.0 0.0 0.0 0.0 0.0 0.0 0.0 0.0 0.0 0.0 0.0 0.0 0.0 0.0 0.0 0.0 0.0 0.0 0.0 0.0 0.0 0.0 0.0 0.0 0.0 0.0 
4 1.0622 0.0 0.0 0.326281089033 0.0 0.0 0.0 0.0 0.0 0.0 0.0 0.0 0.0 0.0 0.0 0.0 0.0 0.0 0.0 0.0 0.0 0.0 0.0 0.0 0.0 0.0 0.0 0.0 0.0 0.0 0.0 0.0 0.0 0.0 0.0 0.0 0.0 0.0 0.0 
4 7.158 0.0 0.0 0.0 9.29671996773e-07 0.0 0.0 0.0 4.32929122088e-08 0.0 0.0 4.32929122088e-08 0.0 4.32929122088e-08 0.0 0.0 0.0 0.0 0.0 0.0 0.0 0.0 0.0 0.0 3.02409277793e-10 0.0 0.0 6.04818555586e-10 0.0 6.04818555586e-10 0.0 0.0 0.0 0.0 3.02409277793e-10 0.0 6.04818555586e-10 0.0 3.02409277793e-10 
4 7.158 0.0 0.0 1.32280829302 9.29671996773e-07 0.0 0.0 0.0 4.32929122088e-08 0.0 0.0 4.32929122088e-08 0.0 4.32929122088e-08 0.0 0.0 0.0 0.0 0.0 0.0 0.0 0.0 0.0 0.0 3.02409277793e-10 0.0 0.0 6.04818555586e-10 0.0 6.04818555586e-10 0.0 0.0 0.0 0.0 3.02409277793e-10 0.0 6.04818555586e-10 0.0 3.02409277793e-10 
4 7.158 0.0 0.0 1.30950259351 0.0 0.0 0.0 0.0 0.0 0.0 0.0 0.0 0.0 0.0 0.0 0.0 0.0 0.0 0.0 0.0 0.0 0.0 0.0 0.0 0.0 0.0 0.0 0.0 0.0 0.0 0.0 0.0 0.0 0.0 0.0 0.0 0.0 0.0 0.0 
4 7.158 0.0 0.0 0.0133056995107 0.0 0.0 0.0 0.0 0.0 0.0 0.0 0.0 0.0 0.0 0.0 0.0 0.0 0.0 0.0 0.0 0.0 0.0 0.0 0.0 0.0 0.0 0.0 0.0 0.0 0.0 0.0 0.0 0.0 0.0 0.0 0.0 0.0 0.0 0.0 
4 0.524 0.0 0.0 0.0 0.0209668249591 0.0 0.0 0.0 0.0133376749104 0.0 0.0 0.0133376749104 0.0 0.0133376749104 0.0 0.0 0.0 0.0 0.0 0.0 0.0 0.0 0.0 0.0 0.00127267890366 0.0 0.0 0.00254535780733 0.0 0.00254535780733 0.0 0.0 0.0 0.0 0.00127267890366 0.0 0.00254535780733 0.0 0.00127267890366 
4 0.524 0.0 0.0 1.32280829302 0.0209668249591 0.0 0.0 0.0 0.0133376749104 0.0 0.0 0.0133376749104 0.0 0.0133376749104 0.0 0.0 0.0 0.0 0.0 0.0 0.0 0.0 0.0 0.0 0.00127267890366 0.0 0.0 0.00254535780733 0.0 0.00254535780733 0.0 0.0 0.0 0.0 0.00127267890366 0.0 0.00254535780733 0.0 0.00127267890366 
4 0.524 0.0 0.0 0.66140414651 0.0 0.0 0.0 0.0 0.0 0.0 0.0 0.0 0.0 0.0 0.0 0.0 0.0 0.0 0.0 0.0 0.0 0.0 0.0 0.0 0.0 0.0 0.0 0.0 0.0 0.0 0.0 0.0 0.0 0.0 0.0 0.0 0.0 0.0 0.0 
4 2.421 0.0 0.0 0.0 1.831632556e-05 0.0 0.0 0.0 2.52186776264e-06 0.0 0.0 2.52186776264e-06 0.0 2.52186776264e-06 0.0 0.0 0.0 0.0 0.0 0.0 0.0 0.0 0.0 0.0 5.20831838628e-08 0.0 0.0 1.04166367726e-07 0.0 1.04166367726e-07 0.0 0.0 0.0 0.0 5.20831838628e-08 0.0 1.04166367726e-07 0.0 5.20831838628e-08 
4 2.421 0.0 0.0 1.32280829302 1.831632556e-05 0.0 0.0 0.0 2.52186776264e-06 0.0 0.0 2.52186776264e-06 0.0 2.52186776264e-06 0.0 0.0 0.0 0.0 0.0 0.0 0.0 0.0 0.0 0.0 5.20831838628e-08 0.0 0.0 1.04166367726e-07 0.0 1.04166367726e-07 0.0 0.0 0.0 0.0 5.20831838628e-08 0.0 1.04166367726e-07 0.0 5.20831838628e-08 
4 2.421 0.0 0.0 1.28346826944 0.0 0.0 0.0 0.0 0.0 0.0 0.0 0.0 0.0 0.0 0.0 0.0 0.0 0.0 0.0 0.0 0.0 0.0 0.0 0.0 0.0 0.0 0.0 0.0 0.0 0.0 0.0 0.0 0.0 0.0 0.0 0.0 0.0 0.0 0.0 
4 2.421 0.0 0.0 0.0393400235842 0.0 0.0 0.0 0.0 0.0 0.0 0.0 0.0 0.0 0.0 0.0 0.0 0.0 0.0 0.0 0.0 0.0 0.0 0.0 0.0 0.0 0.0 0.0 0.0 0.0 0.0 0.0 0.0 0.0 0.0 0.0 0.0 0.0 0.0 0.0 
4 0.8722 0.0 0.0 0.0 0.000149699419356 0.0 0.0 0.0 5.72114267965e-05 0.0 0.0 5.72114267965e-05 0.0 5.72114267965e-05 0.0 0.0 0.0 0.0 0.0 0.0 0.0 0.0 0.0 0.0 3.27971949074e-06 0.0 0.0 6.55943898149e-06 0.0 6.55943898149e-06 0.0 0.0 0.0 0.0 3.27971949074e-06 0.0 6.55943898149e-06 0.0 3.27971949074e-06 
4 0.8722 0.0 0.0 1.32280829302 0.000149699419356 0.0 0.0 0.0 5.72114267965e-05 0.0 0.0 5.72114267965e-05 0.0 5.72114267965e-05 0.0 0.0 0.0 0.0 0.0 0.0 0.0 0.0 0.0 0.0 3.27971949074e-06 0.0 0.0 6.55943898149e-06 0.0 6.55943898149e-06 0.0 0.0 0.0 0.0 3.27971949074e-06 0.0 6.55943898149e-06 0.0 3.27971949074e-06 
4 0.8722 0.0 0.0 1.21361063526 0.0 0.0 0.0 0.0 0.0 0.0 0.0 0.0 0.0 0.0 0.0 0.0 0.0 0.0 0.0 0.0 0.0 0.0 0.0 0.0 0.0 0.0 0.0 0.0 0.0 0.0 0.0 0.0 0.0 0.0 0.0 0.0 0.0 0.0 0.0 
4 0.8722 0.0 0.0 0.109197657759 0.0 0.0 0.0 0.0 0.0 0.0 0.0 0.0 0.0 0.0 0.0 0.0 0.0 0.0 0.0 0.0 0.0 0.0 0.0 0.0 0.0 0.0 0.0 0.0 0.0 0.0 0.0 0.0 0.0 0.0 0.0 0.0 0.0 0.0 0.0 
4 33.076 0.0 0.0 1.03941793251 0.0 0.0 0.0 0.0 0.0 0.0 0.0 0.0 0.0 0.0 0.0 0.0 0.0 0.0 0.0 0.0 0.0 0.0 0.0 0.0 0.0 0.0 0.0 0.0 0.0 0.0 0.0 0.0 0.0 0.0 0.0 0.0 0.0 0.0 0.0 
4 33.076 0.0 0.0 0.283390360513 0.0 0.0 0.0 0.0 0.0 0.0 0.0 0.0 0.0 0.0 0.0 0.0 0.0 0.0 0.0 0.0 0.0 0.0 0.0 0.0 0.0 0.0 0.0 0.0 0.0 0.0 0.0 0.0 0.0 0.0 0.0 0.0 0.0 0.0 0.0 
4 0.334 0.0 0.0 0.0 0.000153674674861 0.0 0.0 0.0 0.000153367938983 0.0 0.0 0.000153367938983 0.0 0.000153367938983 0.0 0.0 0.0 0.0 0.0 0.0 0.0 0.0 0.0 0.0 2.29592723028e-05 0.0 0.0 4.59185446057e-05 0.0 4.59185446057e-05 0.0 0.0 0.0 0.0 2.29592723028e-05 0.0 4.59185446057e-05 0.0 2.29592723028e-05 
4 0.334 0.0 0.0 1.32280829302 0.000153674674861 0.0 0.0 0.0 0.000153367938983 0.0 0.0 0.000153367938983 0.0 0.000153367938983 0.0 0.0 0.0 0.0 0.0 0.0 0.0 0.0 0.0 0.0 2.29592723028e-05 0.0 0.0 4.59185446057e-05 0.0 4.59185446057e-05 0.0 0.0 0.0 0.0 2.29592723028e-05 0.0 4.59185446057e-05 0.0 2.29592723028e-05 
4 0.334 0.0 0.0 1.03765201429 0.0 0.0 0.0 0.0 0.0 0.0 0.0 0.0 0.0 0.0 0.0 0.0 0.0 0.0 0.0 0.0 0.0 0.0 0.0 0.0 0.0 0.0 0.0 0.0 0.0 0.0 0.0 0.0 0.0 0.0 0.0 0.0 0.0 0.0 0.0 
4 0.334 0.0 0.0 0.285156278735 0.0 0.0 0.0 0.0 0.0 0.0 0.0 0.0 0.0 0.0 0.0 0.0 0.0 0.0 0.0 0.0 0.0 0.0 0.0 0.0 0.0 0.0 0.0 0.0 0.0 0.0 0.0 0.0 0.0 0.0 0.0 0.0 0.0 0.0 0.0 
4 0.144 0.0 0.0 0.0 6.15474769144e-07 0.0 0.0 0.0 1.42471011376e-06 0.0 0.0 1.42471011376e-06 0.0 1.42471011376e-06 0.0 0.0 0.0 0.0 0.0 0.0 0.0 0.0 0.0 0.0 4.94691011722e-07 0.0 0.0 9.89382023444e-07 0.0 9.89382023443e-07 0.0 0.0 0.0 0.0 4.94691011722e-07 0.0 9.89382023443e-07 0.0 4.94691011722e-07 
4 0.144 0.0 0.0 1.32280829302 6.15474769144e-07 0.0 0.0 0.0 1.42471011376e-06 0.0 0.0 1.42471011376e-06 0.0 1.42471011376e-06 0.0 0.0 0.0 0.0 0.0 0.0 0.0 0.0 0.0 0.0 4.94691011722e-07 0.0 0.0 9.89382023443e-07 0.0 9.89382023444e-07 0.0 0.0 0.0 0.0 4.94691011722e-07 0.0 9.89382023443e-07 0.0 4.94691011722e-07 
4 0.144 0.0 0.0 0.66140414651 0.0 0.0 0.0 0.0 0.0 0.0 0.0 0.0 0.0 0.0 0.0 0.0 0.0 0.0 0.0 0.0 0.0 0.0 0.0 0.0 0.0 0.0 0.0 0.0 0.0 0.0 0.0 0.0 0.0 0.0 0.0 0.0 0.0 0.0 0.0 
4 51.98 0.0 0.0 0.66140414651 0.0 0.0 0.0 0.0 0.0 0.0 0.0 0.0 0.0 0.0 0.0 0.0 0.0 0.0 0.0 0.0 0.0 0.0 0.0 0.0 0.0 0.0 0.0 0.0 0.0 0.0 0.0 0.0 0.0 0.0 0.0 0.0 0.0 0.0 0.0 
